-1.00000 0.00000
-0.98675 0.00000
-0.97351 0.00000
-0.96026 0.00000
-0.94702 0.00000
-0.93377 0.00000
-0.92053 0.00000
-0.90728 0.00000
-0.89404 0.00000
-0.88079 0.00000
-0.86755 0.00000
-0.85430 0.00000
-0.84106 0.00000
-0.82781 0.00000
-0.81457 0.00000
-0.80132 0.00000
-0.78808 0.00000
-0.77483 0.00000
-0.76159 0.00000
-0.74834 0.00000
-0.73510 0.00000
-0.72185 0.00000
-0.70861 0.00000
-0.69536 0.00000
-0.68212 0.00000
-0.66887 0.00000
-0.65563 0.00000
-0.64238 0.00000
-0.62914 0.00000
-0.61589 0.00000
-0.60265 0.00000
-0.58940 0.00000
-0.57616 0.00000
-0.56291 0.00000
-0.54967 0.00000
-0.53642 0.00000
-0.52318 0.00000
-0.50993 0.00000
-0.49669 0.00000
-0.48344 0.00000
-0.47020 0.00000
-0.45695 0.00000
-0.44371 0.00000
-0.43046 0.00000
-0.41722 0.00000
-0.40397 0.00000
-0.39073 0.00000
-0.37748 0.00000
-0.36424 0.00000
-0.35099 0.00000
-0.33775 0.00000
-0.32450 0.00000
-0.31126 0.00000
-0.29801 0.00000
-0.28477 0.00001
-0.27152 0.00002
-0.25828 0.00003
-0.24503 0.00006
-0.23179 0.00010
-0.21854 0.00020
-0.20530 0.00033
-0.19205 0.00060
-0.17881 0.00098
-0.16556 0.00169
-0.15232 0.00265
-0.13907 0.00437
-0.12583 0.00659
-0.11258 0.01033
-0.09934 0.01498
-0.08609 0.02236
-0.07285 0.03116
-0.05960 0.04424
-0.04636 0.05927
-0.03311 0.08014
-0.01987 0.10328
-0.00662 0.13323
0.00662 0.16540
0.01987 0.20422
0.03311 0.24481
0.04636 0.29070
0.05960 0.33768
0.07285 0.38796
0.08609 0.43875
0.09934 0.49104
0.11258 0.54349
0.12583 0.59638
0.13907 0.64930
0.15232 0.70228
0.16556 0.75526
0.17881 0.80825
0.19205 0.86122
0.20530 0.91420
0.21854 0.96717
0.23179 1.02014
0.24503 1.07309
0.25828 1.12601
0.27152 1.17887
0.28477 1.23167
0.29801 1.28429
0.31126 1.33674
0.32450 1.38874
0.33775 1.44030
0.35099 1.49085
0.36424 1.54041
0.37748 1.58793
0.39073 1.63343
0.40397 1.67530
0.41722 1.71353
0.43046 1.74606
0.44371 1.77288
0.45695 1.79191
0.47020 1.80316
0.48344 1.80532
0.49669 1.79840
0.50993 1.78260
0.52318 1.75794
0.53642 1.72621
0.54967 1.68742
0.56291 1.64424
0.57616 1.59665
0.58940 1.54706
0.60265 1.49545
0.61589 1.44324
0.62914 1.39044
0.64238 1.33754
0.65563 1.28456
0.66887 1.23158
0.68212 1.17860
0.69536 1.12562
0.70861 1.07264
0.72185 1.01966
0.73510 0.96669
0.74834 0.91373
0.76159 0.86077
0.77483 0.80787
0.78808 0.75498
0.80132 0.70222
0.81457 0.64950
0.82781 0.59712
0.84106 0.54485
0.85430 0.49333
0.86755 0.44207
0.88079 0.39232
0.89404 0.34308
0.90728 0.29656
0.92053 0.25095
0.93377 0.20962
0.94702 0.16966
0.96026 0.13491
0.97351 0.09584
