-1.000000,8.000000
-0.980000,4.065254
-0.960000,0.265835
-0.940000,-3.391499
-0.920000,-6.900532
-0.900000,-10.255678
-0.880000,-13.451912
-0.860000,-16.484703
-0.840000,-19.350149
-0.820000,-22.044796
-0.800000,-24.565754
-0.780000,-26.910641
-0.760000,-29.077518
-0.740000,-31.064980
-0.720000,-32.872051
-0.700000,-34.498241
-0.680000,-35.943462
-0.660000,-37.208103
-0.640000,-38.292934
-0.620000,-39.199146
-0.600000,-39.928314
-0.580000,-40.482422
-0.560000,-40.863777
-0.540000,-41.075089
-0.520000,-41.119373
-0.500000,-41.000000
-0.480000,-40.720654
-0.460000,-40.285320
-0.440000,-39.698296
-0.420000,-38.964134
-0.400000,-38.087677
-0.380000,-37.074032
-0.360000,-35.928532
-0.340000,-34.656754
-0.320000,-33.264492
-0.300000,-31.757761
-0.280000,-30.142752
-0.260000,-28.425861
-0.240000,-26.613640
-0.220000,-24.712811
-0.200000,-22.730240
-0.180000,-20.672926
-0.160000,-18.547995
-0.140000,-16.362680
-0.120000,-14.124316
-0.100000,-11.840321
-0.080000,-9.518185
-0.060000,-7.165464
-0.040000,-4.789763
-0.020000,-2.398720
0.000000,0.000000
0.020000,2.398720
0.040000,4.789763
0.060000,7.165464
0.080000,9.518185
0.100000,11.840321
0.120000,14.124316
0.140000,16.362680
0.160000,18.547995
0.180000,20.672926
0.200000,22.730240
0.220000,24.712811
0.240000,26.613640
0.260000,28.425861
0.280000,30.142752
0.300000,31.757761
0.320000,33.264492
0.340000,34.656754
0.360000,35.928532
0.380000,37.074032
0.400000,38.087677
0.420000,38.964134
0.440000,39.698296
0.460000,40.285320
0.480000,40.720654
0.500000,41.000000
0.520000,41.119373
0.540000,41.075089
0.560000,40.863777
0.580000,40.482422
0.600000,39.928314
0.620000,39.199146
0.640000,38.292934
0.660000,37.208103
0.680000,35.943462
0.700000,34.498241
0.720000,32.872051
0.740000,31.064980
0.760000,29.077518
0.780000,26.910641
0.800000,24.565754
0.820000,22.044796
0.840000,19.350149
0.860000,16.484703
0.880000,13.451912
0.900000,10.255678
0.920000,6.900532
0.940000,3.391499
0.960000,-0.265835
0.980000,-4.065254
1.000000,-8.000000
