-1.000000,184.000000
-0.980000,185.445206
-0.960000,185.962158
-0.940000,185.584198
-0.920000,184.346100
-0.900000,182.284225
-0.880000,179.436096
-0.860000,175.840393
-0.840000,171.536835
-0.820000,166.565979
-0.800000,160.969238
-0.780000,154.788467
-0.760000,148.066376
-0.740000,140.845673
-0.720000,133.169601
-0.700000,125.081528
-0.680000,116.624916
-0.660000,107.843124
-0.640000,98.779404
-0.620000,89.476799
-0.600000,79.977989
-0.580000,70.325195
-0.560000,60.560246
-0.540000,50.724213
-0.520000,40.857555
-0.500000,31.000000
-0.480000,21.190361
-0.460000,11.466569
-0.440000,1.865542
-0.420000,-7.576846
-0.400000,-16.825851
-0.380000,-25.847950
-0.360000,-34.610840
-0.340000,-43.083542
-0.320000,-51.236450
-0.300000,-59.041340
-0.280000,-66.471512
-0.260000,-73.501717
-0.240000,-80.108292
-0.220000,-86.269173
-0.200000,-91.963898
-0.180000,-97.173706
-0.160000,-101.881500
-0.140000,-106.071915
-0.120000,-109.731346
-0.100000,-112.847939
-0.080000,-115.411644
-0.060000,-117.414215
-0.040000,-118.849228
-0.020000,-119.712074
0.000000,-120.000000
0.020000,-119.712074
0.040000,-118.849228
0.060000,-117.414215
0.080000,-115.411644
0.100000,-112.847939
0.120000,-109.731346
0.140000,-106.071915
0.160000,-101.881500
0.180000,-97.173706
0.200000,-91.963898
0.220000,-86.269173
0.240000,-80.108292
0.260000,-73.501717
0.280000,-66.471512
0.300000,-59.041340
0.320000,-51.236450
0.340000,-43.083542
0.360000,-34.610840
0.380000,-25.847950
0.400000,-16.825851
0.420000,-7.576846
0.440000,1.865542
0.460000,11.466569
0.480000,21.190361
0.500000,31.000000
0.520000,40.857555
0.540000,50.724213
0.560000,60.560246
0.580000,70.325195
0.600000,79.977989
0.620000,89.476799
0.640000,98.779404
0.660000,107.843124
0.680000,116.624916
0.700000,125.081528
0.720000,133.169601
0.740000,140.845673
0.760000,148.066376
0.780000,154.788467
0.800000,160.969238
0.820000,166.565979
0.840000,171.536835
0.860000,175.840393
0.880000,179.436096
0.900000,182.284225
0.920000,184.346100
0.940000,185.584198
0.960000,185.962158
0.980000,185.445206
1.000000,184.000000
