-1.000000,-20.000000
-0.980000,-19.341309
-0.960000,-18.647257
-0.940000,-17.920816
-0.920000,-17.164913
-0.900000,-16.382399
-0.880000,-15.576075
-0.860000,-14.748670
-0.840000,-13.902857
-0.820000,-13.041252
-0.800000,-12.166401
-0.780000,-11.280789
-0.760000,-10.386852
-0.740000,-9.486949
-0.720000,-8.583384
-0.700000,-7.678399
-0.680000,-6.774181
-0.660000,-5.872844
-0.640000,-4.976445
-0.620000,-4.086987
-0.600000,-3.206400
-0.580000,-2.336559
-0.560000,-1.479281
-0.540000,-0.636312
-0.520000,0.190659
-0.500000,1.000000
-0.480000,1.790146
-0.460000,2.559593
-0.440000,3.306895
-0.420000,4.030672
-0.400000,4.729600
-0.380000,5.402422
-0.360000,6.047938
-0.340000,6.665013
-0.320000,7.252573
-0.300000,7.809600
-0.280000,8.335145
-0.260000,8.828317
-0.240000,9.288284
-0.220000,9.714281
-0.200000,10.105600
-0.180000,10.461596
-0.160000,10.781686
-0.140000,11.065347
-0.120000,11.312118
-0.100000,11.521601
-0.080000,11.693455
-0.060000,11.827407
-0.040000,11.923241
-0.020000,11.980803
0.000000,12.000000
0.020000,11.980803
0.040000,11.923241
0.060000,11.827407
0.080000,11.693455
0.100000,11.521601
0.120000,11.312118
0.140000,11.065347
0.160000,10.781686
0.180000,10.461596
0.200000,10.105600
0.220000,9.714281
0.240000,9.288284
0.260000,8.828317
0.280000,8.335145
0.300000,7.809600
0.320000,7.252573
0.340000,6.665013
0.360000,6.047938
0.380000,5.402422
0.400000,4.729600
0.420000,4.030672
0.440000,3.306895
0.460000,2.559593
0.480000,1.790146
0.500000,1.000000
0.520000,0.190659
0.540000,-0.636312
0.560000,-1.479281
0.580000,-2.336559
0.600000,-3.206400
0.620000,-4.086987
0.640000,-4.976445
0.660000,-5.872844
0.680000,-6.774181
0.700000,-7.678399
0.720000,-8.583384
0.740000,-9.486949
0.760000,-10.386852
0.780000,-11.280789
0.800000,-12.166401
0.820000,-13.041252
0.840000,-13.902857
0.860000,-14.748670
0.880000,-15.576075
0.900000,-16.382399
0.920000,-17.164913
0.940000,-17.920816
0.960000,-18.647257
0.980000,-19.341309
1.000000,-20.000000
