PHYS3071 AS07 SCOLARO s4320824

0.000000,0.000000,0.000000,0.000000,0.000000,0.000000,0.000000,0.000000
0.002000,0.000000,0.000000,0.000000,0.000107,0.000012,0.000012,0.000006
0.004000,0.000000,0.000000,0.000000,-0.000180,0.000024,0.000024,0.000012
0.006000,-0.000000,0.000000,0.000000,-0.000162,0.000036,0.000035,0.000018
0.008000,-0.000000,0.000000,0.000000,-0.000243,0.000047,0.000047,0.000023
0.010000,-0.000001,0.000000,0.000000,-0.000462,0.000061,0.000061,0.000030
0.012000,-0.000002,0.000000,0.000000,-0.000434,0.000071,0.000071,0.000035
0.014000,-0.000003,0.000000,0.000000,-0.000381,0.000074,0.000074,0.000037
0.016000,-0.000004,0.000000,0.000000,-0.000607,0.000088,0.000088,0.000044
0.018000,-0.000005,0.000000,0.000000,-0.000832,0.000098,0.000097,0.000049
0.020000,-0.000006,0.000000,0.000000,-0.000808,0.000107,0.000106,0.000053
0.022000,-0.000008,0.000000,0.000000,-0.000482,0.000111,0.000110,0.000055
0.024000,-0.000009,0.000000,0.000000,-0.000429,0.000116,0.000116,0.000058
0.026000,-0.000010,0.000000,0.000000,-0.000457,0.000125,0.000124,0.000062
0.028000,-0.000011,0.000000,0.000000,-0.000258,0.000131,0.000131,0.000065
0.030000,-0.000011,0.000000,0.000000,-0.000229,0.000131,0.000131,0.000066
0.032000,-0.000012,0.000000,0.000000,-0.000209,0.000133,0.000133,0.000067
0.034000,-0.000012,0.000000,0.000000,0.000097,0.000139,0.000139,0.000069
0.036000,-0.000012,0.000000,0.000000,-0.000009,0.000143,0.000143,0.000072
0.038000,-0.000012,0.000000,0.000000,0.000190,0.000144,0.000144,0.000072
0.040000,-0.000012,0.000000,0.000000,0.000133,0.000145,0.000145,0.000073
0.042000,-0.000011,0.000000,0.000000,0.000021,0.000149,0.000149,0.000075
0.044000,-0.000011,0.000000,0.000000,-0.000007,0.000159,0.000159,0.000079
0.046000,-0.000011,0.000000,0.000000,-0.000202,0.000158,0.000158,0.000079
0.048000,-0.000012,0.000000,0.000000,-0.000391,0.000153,0.000153,0.000077
0.050000,-0.000012,0.000000,0.000000,-0.000452,0.000156,0.000156,0.000078
0.052000,-0.000013,0.000000,0.000000,-0.000486,0.000160,0.000159,0.000080
0.054000,-0.000014,0.000000,0.000000,-0.000358,0.000157,0.000157,0.000078
0.056000,-0.000015,0.000000,0.000000,-0.000438,0.000154,0.000154,0.000077
0.058000,-0.000016,0.000000,0.000000,-0.000484,0.000160,0.000160,0.000080
0.060000,-0.000017,0.000000,0.000000,-0.000237,0.000162,0.000162,0.000081
0.062000,-0.000017,0.000000,0.000000,-0.000647,0.000163,0.000162,0.000081
0.064000,-0.000019,0.000000,0.000000,-0.000769,0.000161,0.000161,0.000081
0.066000,-0.000020,0.000000,0.000000,-0.000834,0.000165,0.000164,0.000082
0.068000,-0.000022,0.000000,0.000000,-0.000894,0.000161,0.000160,0.000081
0.070000,-0.000024,0.000000,0.000000,-0.000542,0.000170,0.000170,0.000085
0.072000,-0.000025,0.000000,0.000000,-0.000364,0.000172,0.000172,0.000086
0.074000,-0.000025,0.000000,0.000000,-0.000330,0.000177,0.000177,0.000088
0.076000,-0.000026,0.000000,0.000000,-0.000461,0.000177,0.000177,0.000089
0.078000,-0.000027,0.000000,0.000000,-0.000198,0.000190,0.000190,0.000095
0.080000,-0.000027,0.000000,0.000000,-0.000038,0.000188,0.000188,0.000094
0.082000,-0.000028,0.000000,0.000000,0.000133,0.000196,0.000196,0.000098
0.084000,-0.000027,0.000000,0.000000,-0.000007,0.000205,0.000205,0.000103
0.086000,-0.000027,0.000001,0.000001,-0.000014,0.000206,0.000206,0.000103
0.088000,-0.000027,0.000001,0.000001,0.000153,0.000202,0.000202,0.000101
0.090000,-0.000027,0.000001,0.000001,-0.000177,0.000202,0.000202,0.000101
0.092000,-0.000027,0.000001,0.000001,-0.000054,0.000199,0.000199,0.000099
0.094000,-0.000027,0.000001,0.000001,-0.000072,0.000191,0.000191,0.000095
0.096000,-0.000028,0.000001,0.000001,0.000099,0.000199,0.000199,0.000100
0.098000,-0.000027,0.000001,0.000001,0.000310,0.000199,0.000199,0.000100
0.100000,-0.000027,0.000001,0.000001,0.000054,0.000195,0.000195,0.000098
0.102000,-0.000027,0.000001,0.000001,0.000171,0.000193,0.000193,0.000096
0.104000,-0.000026,0.000001,0.000001,0.000073,0.000186,0.000186,0.000093
0.106000,-0.000026,0.000001,0.000001,0.000212,0.000189,0.000189,0.000094
0.108000,-0.000026,0.000001,0.000001,0.000264,0.000189,0.000189,0.000095
0.110000,-0.000025,0.000001,0.000001,0.000297,0.000189,0.000189,0.000094
0.112000,-0.000025,0.000001,0.000001,0.000112,0.000192,0.000192,0.000096
0.114000,-0.000024,0.000001,0.000001,0.000085,0.000190,0.000190,0.000095
0.116000,-0.000024,0.000001,0.000001,0.000162,0.000180,0.000180,0.000090
0.118000,-0.000024,0.000001,0.000001,-0.000176,0.000172,0.000172,0.000086
0.120000,-0.000024,0.000001,0.000001,-0.000202,0.000175,0.000175,0.000088
0.122000,-0.000025,0.000001,0.000001,-0.000183,0.000184,0.000184,0.000092
0.124000,-0.000025,0.000001,0.000001,-0.000042,0.000178,0.000178,0.000089
0.126000,-0.000025,0.000001,0.000001,0.000113,0.000184,0.000184,0.000092
0.128000,-0.000025,0.000001,0.000001,0.000265,0.000188,0.000188,0.000094
0.130000,-0.000024,0.000001,0.000001,0.000373,0.000188,0.000188,0.000094
0.132000,-0.000024,0.000001,0.000001,0.000411,0.000183,0.000183,0.000092
0.134000,-0.000023,0.000001,0.000001,0.000284,0.000184,0.000184,0.000092
0.136000,-0.000022,0.000001,0.000001,0.000454,0.000184,0.000183,0.000092
0.138000,-0.000021,0.000001,0.000001,0.000493,0.000176,0.000176,0.000088
0.140000,-0.000020,0.000001,0.000001,0.000574,0.000170,0.000169,0.000085
0.142000,-0.000019,0.000001,0.000001,0.000460,0.000169,0.000168,0.000084
0.144000,-0.000018,0.000001,0.000001,0.000289,0.000170,0.000170,0.000085
0.146000,-0.000018,0.000001,0.000001,0.000409,0.000165,0.000165,0.000082
0.148000,-0.000017,0.000001,0.000001,0.000527,0.000163,0.000163,0.000081
0.150000,-0.000016,0.000002,0.000002,0.000411,0.000164,0.000164,0.000082
0.152000,-0.000015,0.000002,0.000002,0.000294,0.000158,0.000158,0.000079
0.154000,-0.000014,0.000002,0.000002,0.000407,0.000156,0.000156,0.000078
0.156000,-0.000014,0.000002,0.000002,0.000416,0.000159,0.000159,0.000079
0.158000,-0.000013,0.000002,0.000002,0.000582,0.000158,0.000157,0.000079
0.160000,-0.000012,0.000002,0.000002,0.000449,0.000163,0.000163,0.000081
0.162000,-0.000011,0.000002,0.000002,0.000515,0.000165,0.000165,0.000082
0.164000,-0.000010,0.000002,0.000002,0.000481,0.000170,0.000170,0.000085
0.166000,-0.000009,0.000002,0.000002,0.000506,0.000170,0.000170,0.000085
0.168000,-0.000008,0.000002,0.000002,0.000810,0.000168,0.000168,0.000084
0.170000,-0.000006,0.000002,0.000002,0.000749,0.000170,0.000170,0.000085
0.172000,-0.000005,0.000002,0.000002,0.000882,0.000172,0.000171,0.000086
0.174000,-0.000003,0.000002,0.000002,0.000948,0.000165,0.000164,0.000082
0.176000,-0.000001,0.000002,0.000002,0.001098,0.000168,0.000167,0.000084
0.178000,0.000001,0.000002,0.000002,0.001184,0.000161,0.000160,0.000080
0.180000,0.000004,0.000002,0.000002,0.001175,0.000158,0.000157,0.000079
0.182000,0.000006,0.000002,0.000002,0.000940,0.000158,0.000157,0.000079
0.184000,0.000008,0.000002,0.000002,0.000945,0.000164,0.000163,0.000082
0.186000,0.000010,0.000002,0.000002,0.000850,0.000163,0.000163,0.000082
0.188000,0.000011,0.000002,0.000002,0.001103,0.000163,0.000162,0.000082
0.190000,0.000014,0.000002,0.000002,0.001061,0.000164,0.000163,0.000082
0.192000,0.000016,0.000002,0.000002,0.000939,0.000166,0.000165,0.000083
0.194000,0.000018,0.000002,0.000002,0.000935,0.000162,0.000161,0.000081
0.196000,0.000020,0.000002,0.000002,0.000882,0.000169,0.000169,0.000085
0.198000,0.000021,0.000002,0.000002,0.000617,0.000169,0.000169,0.000085
0.200000,0.000023,0.000002,0.000002,0.000374,0.000164,0.000164,0.000082
0.202000,0.000023,0.000002,0.000002,0.000624,0.000171,0.000171,0.000086
0.204000,0.000025,0.000002,0.000002,0.000571,0.000163,0.000163,0.000082
0.206000,0.000026,0.000002,0.000002,0.000706,0.000166,0.000166,0.000083
0.208000,0.000027,0.000002,0.000002,0.000974,0.000174,0.000173,0.000087
0.210000,0.000029,0.000002,0.000002,0.000936,0.000176,0.000175,0.000088
0.212000,0.000031,0.000002,0.000002,0.001229,0.000179,0.000178,0.000090
0.214000,0.000033,0.000003,0.000003,0.001536,0.000174,0.000172,0.000087
0.216000,0.000036,0.000003,0.000003,0.001428,0.000171,0.000169,0.000085
0.218000,0.000039,0.000003,0.000003,0.001194,0.000167,0.000166,0.000084
0.220000,0.000042,0.000003,0.000003,0.001329,0.000170,0.000168,0.000085
0.222000,0.000044,0.000003,0.000003,0.001166,0.000169,0.000168,0.000085
0.224000,0.000047,0.000003,0.000003,0.001150,0.000170,0.000168,0.000085
0.226000,0.000049,0.000003,0.000003,0.001166,0.000170,0.000169,0.000085
0.228000,0.000051,0.000003,0.000003,0.000890,0.000166,0.000166,0.000083
0.230000,0.000053,0.000003,0.000003,0.001043,0.000168,0.000167,0.000084
0.232000,0.000055,0.000003,0.000003,0.001222,0.000176,0.000175,0.000088
0.234000,0.000058,0.000003,0.000003,0.001269,0.000180,0.000179,0.000090
0.236000,0.000060,0.000003,0.000003,0.000976,0.000174,0.000173,0.000087
0.238000,0.000062,0.000003,0.000003,0.001325,0.000172,0.000171,0.000086
0.240000,0.000065,0.000003,0.000003,0.001288,0.000169,0.000168,0.000085
0.242000,0.000067,0.000003,0.000003,0.000765,0.000162,0.000162,0.000081
0.244000,0.000069,0.000003,0.000003,0.000788,0.000170,0.000169,0.000085
0.246000,0.000070,0.000003,0.000003,0.000725,0.000169,0.000169,0.000085
0.248000,0.000072,0.000003,0.000003,0.000982,0.000179,0.000178,0.000089
0.250000,0.000074,0.000003,0.000003,0.001043,0.000177,0.000176,0.000089
0.252000,0.000076,0.000003,0.000003,0.000817,0.000185,0.000184,0.000092
0.254000,0.000078,0.000003,0.000003,0.000596,0.000183,0.000183,0.000092
0.256000,0.000079,0.000003,0.000003,0.000413,0.000182,0.000182,0.000091
0.258000,0.000080,0.000003,0.000003,0.000403,0.000182,0.000182,0.000091
0.260000,0.000080,0.000003,0.000003,0.000346,0.000185,0.000185,0.000092
0.262000,0.000081,0.000003,0.000003,0.000543,0.000187,0.000186,0.000093
0.264000,0.000082,0.000003,0.000003,0.000515,0.000189,0.000189,0.000095
0.266000,0.000083,0.000003,0.000003,0.000601,0.000188,0.000187,0.000094
0.268000,0.000084,0.000003,0.000003,0.000529,0.000188,0.000187,0.000094
0.270000,0.000085,0.000003,0.000003,0.000586,0.000185,0.000185,0.000092
0.272000,0.000087,0.000003,0.000003,0.000308,0.000184,0.000184,0.000092
0.274000,0.000087,0.000003,0.000003,0.000165,0.000181,0.000181,0.000090
0.276000,0.000088,0.000003,0.000003,0.000469,0.000176,0.000175,0.000088
0.278000,0.000089,0.000003,0.000003,0.000247,0.000176,0.000175,0.000088
0.280000,0.000089,0.000004,0.000003,0.000342,0.000176,0.000176,0.000088
0.282000,0.000090,0.000004,0.000004,0.000011,0.000173,0.000173,0.000086
0.284000,0.000090,0.000004,0.000004,0.000173,0.000183,0.000182,0.000091
0.286000,0.000090,0.000004,0.000004,-0.000114,0.000182,0.000182,0.000091
0.288000,0.000090,0.000004,0.000004,-0.000272,0.000184,0.000184,0.000092
0.290000,0.000089,0.000004,0.000004,-0.000357,0.000189,0.000189,0.000094
0.292000,0.000089,0.000004,0.000004,-0.000577,0.000185,0.000184,0.000092
0.294000,0.000087,0.000004,0.000004,-0.000692,0.000191,0.000191,0.000096
0.296000,0.000086,0.000004,0.000004,-0.000462,0.000191,0.000191,0.000095
0.298000,0.000085,0.000004,0.000004,-0.000436,0.000188,0.000188,0.000094
0.300000,0.000084,0.000004,0.000004,-0.000343,0.000186,0.000186,0.000093
0.302000,0.000084,0.000004,0.000004,-0.000120,0.000183,0.000183,0.000091
0.304000,0.000083,0.000004,0.000004,-0.000328,0.000173,0.000173,0.000087
0.306000,0.000083,0.000004,0.000004,-0.000298,0.000166,0.000166,0.000083
0.308000,0.000082,0.000004,0.000004,-0.000552,0.000166,0.000166,0.000083
0.310000,0.000081,0.000004,0.000004,-0.000264,0.000170,0.000170,0.000085
0.312000,0.000080,0.000004,0.000004,-0.000387,0.000167,0.000167,0.000084
0.314000,0.000080,0.000004,0.000004,-0.000193,0.000170,0.000170,0.000085
0.316000,0.000079,0.000004,0.000004,-0.000156,0.000173,0.000173,0.000086
0.318000,0.000079,0.000004,0.000004,-0.000326,0.000181,0.000181,0.000090
0.320000,0.000078,0.000004,0.000004,-0.000308,0.000182,0.000182,0.000091
0.322000,0.000078,0.000004,0.000004,-0.000466,0.000176,0.000176,0.000088
0.324000,0.000077,0.000004,0.000004,-0.000392,0.000177,0.000177,0.000089
0.326000,0.000076,0.000004,0.000004,-0.000362,0.000175,0.000175,0.000087
0.328000,0.000075,0.000004,0.000004,-0.000456,0.000180,0.000180,0.000090
0.330000,0.000074,0.000004,0.000004,-0.000398,0.000174,0.000174,0.000087
0.332000,0.000074,0.000004,0.000004,-0.000242,0.000172,0.000172,0.000086
0.334000,0.000073,0.000004,0.000004,-0.000277,0.000172,0.000172,0.000086
0.336000,0.000072,0.000004,0.000004,0.000145,0.000178,0.000178,0.000089
0.338000,0.000073,0.000004,0.000004,0.000240,0.000182,0.000182,0.000091
0.340000,0.000073,0.000004,0.000004,0.000445,0.000184,0.000184,0.000092
0.342000,0.000074,0.000004,0.000004,0.000275,0.000189,0.000188,0.000094
0.344000,0.000075,0.000004,0.000004,0.000226,0.000189,0.000189,0.000095
0.346000,0.000075,0.000004,0.000004,0.000294,0.000189,0.000189,0.000095
0.348000,0.000076,0.000005,0.000005,0.000138,0.000187,0.000187,0.000094
0.350000,0.000076,0.000005,0.000005,-0.000038,0.000179,0.000179,0.000089
0.352000,0.000076,0.000005,0.000005,0.000071,0.000175,0.000175,0.000088
0.354000,0.000076,0.000005,0.000005,0.000106,0.000171,0.000171,0.000085
0.356000,0.000076,0.000005,0.000005,-0.000044,0.000172,0.000172,0.000086
0.358000,0.000076,0.000005,0.000005,-0.000152,0.000173,0.000173,0.000087
0.360000,0.000076,0.000005,0.000005,-0.000315,0.000170,0.000170,0.000085
0.362000,0.000075,0.000005,0.000005,-0.000174,0.000177,0.000177,0.000088
0.364000,0.000075,0.000005,0.000005,0.000129,0.000185,0.000185,0.000092
0.366000,0.000075,0.000005,0.000005,0.000347,0.000186,0.000186,0.000093
0.368000,0.000076,0.000005,0.000005,0.000326,0.000179,0.000178,0.000089
0.370000,0.000077,0.000005,0.000005,-0.000047,0.000179,0.000179,0.000089
0.372000,0.000076,0.000005,0.000005,-0.000350,0.000185,0.000185,0.000092
0.374000,0.000076,0.000005,0.000005,-0.000412,0.000186,0.000186,0.000093
0.376000,0.000075,0.000005,0.000005,-0.000154,0.000186,0.000186,0.000093
0.378000,0.000075,0.000005,0.000005,-0.000222,0.000183,0.000183,0.000092
0.380000,0.000074,0.000005,0.000005,-0.000551,0.000181,0.000180,0.000090
0.382000,0.000073,0.000005,0.000005,-0.000567,0.000172,0.000172,0.000086
0.384000,0.000072,0.000005,0.000005,-0.000626,0.000170,0.000169,0.000085
0.386000,0.000071,0.000005,0.000005,-0.000659,0.000168,0.000167,0.000084
0.388000,0.000069,0.000005,0.000005,-0.000557,0.000171,0.000171,0.000085
0.390000,0.000068,0.000005,0.000005,-0.000422,0.000171,0.000170,0.000085
0.392000,0.000067,0.000005,0.000005,-0.000221,0.000173,0.000173,0.000086
0.394000,0.000067,0.000005,0.000005,-0.000311,0.000179,0.000179,0.000089
0.396000,0.000066,0.000005,0.000005,0.000022,0.000181,0.000181,0.000091
0.398000,0.000066,0.000005,0.000005,0.000169,0.000184,0.000184,0.000092
0.400000,0.000067,0.000005,0.000005,0.000146,0.000177,0.000177,0.000088
0.402000,0.000067,0.000005,0.000005,-0.000243,0.000178,0.000178,0.000089
0.404000,0.000067,0.000005,0.000005,-0.000454,0.000180,0.000180,0.000090
0.406000,0.000066,0.000006,0.000006,-0.000172,0.000182,0.000182,0.000091
0.408000,0.000065,0.000006,0.000006,0.000047,0.000180,0.000180,0.000090
0.410000,0.000065,0.000006,0.000006,-0.000025,0.000183,0.000183,0.000091
0.412000,0.000065,0.000006,0.000006,-0.000175,0.000184,0.000184,0.000092
0.414000,0.000065,0.000006,0.000006,-0.000343,0.000176,0.000176,0.000088
0.416000,0.000064,0.000006,0.000006,-0.000377,0.000184,0.000184,0.000092
0.418000,0.000064,0.000006,0.000006,-0.000187,0.000186,0.000186,0.000093
0.420000,0.000063,0.000006,0.000006,-0.000064,0.000187,0.000187,0.000094
0.422000,0.000063,0.000006,0.000006,-0.000364,0.000189,0.000189,0.000095
0.424000,0.000062,0.000006,0.000006,-0.000479,0.000190,0.000190,0.000095
0.426000,0.000061,0.000006,0.000006,-0.000352,0.000194,0.000194,0.000097
0.428000,0.000061,0.000006,0.000006,-0.000400,0.000197,0.000196,0.000098
0.430000,0.000060,0.000006,0.000006,-0.000294,0.000190,0.000190,0.000095
0.432000,0.000059,0.000006,0.000006,-0.000398,0.000184,0.000184,0.000092
0.434000,0.000058,0.000006,0.000006,-0.000245,0.000183,0.000183,0.000092
0.436000,0.000058,0.000006,0.000006,0.000040,0.000185,0.000185,0.000092
0.438000,0.000058,0.000006,0.000006,0.000020,0.000182,0.000182,0.000091
0.440000,0.000058,0.000006,0.000006,0.000375,0.000190,0.000190,0.000095
0.442000,0.000059,0.000006,0.000006,0.000360,0.000191,0.000191,0.000096
0.444000,0.000060,0.000006,0.000006,0.000410,0.000189,0.000189,0.000095
0.446000,0.000060,0.000006,0.000006,0.000734,0.000189,0.000188,0.000094
0.448000,0.000062,0.000006,0.000006,0.000687,0.000192,0.000191,0.000096
0.450000,0.000063,0.000006,0.000006,0.000531,0.000188,0.000187,0.000094
0.452000,0.000064,0.000006,0.000006,0.000612,0.000193,0.000193,0.000096
0.454000,0.000065,0.000006,0.000006,0.000754,0.000198,0.000198,0.000099
0.456000,0.000067,0.000007,0.000007,0.000623,0.000200,0.000200,0.000100
0.458000,0.000068,0.000007,0.000007,0.000586,0.000202,0.000202,0.000101
0.460000,0.000069,0.000007,0.000007,0.000384,0.000195,0.000194,0.000097
0.462000,0.000070,0.000007,0.000007,0.000695,0.000198,0.000198,0.000099
0.464000,0.000072,0.000007,0.000007,0.001015,0.000195,0.000194,0.000097
0.466000,0.000074,0.000007,0.000007,0.000741,0.000196,0.000196,0.000098
0.468000,0.000075,0.000007,0.000007,0.000622,0.000196,0.000195,0.000098
0.470000,0.000076,0.000007,0.000007,0.000552,0.000198,0.000198,0.000099
0.472000,0.000077,0.000007,0.000007,0.000440,0.000194,0.000194,0.000097
0.474000,0.000078,0.000007,0.000007,0.000280,0.000190,0.000190,0.000095
0.476000,0.000079,0.000007,0.000007,0.000342,0.000184,0.000184,0.000092
0.478000,0.000080,0.000007,0.000007,0.000059,0.000177,0.000177,0.000089
0.480000,0.000080,0.000007,0.000007,0.000177,0.000172,0.000172,0.000086
0.482000,0.000080,0.000007,0.000007,0.000335,0.000174,0.000174,0.000087
0.484000,0.000081,0.000007,0.000007,0.000134,0.000176,0.000176,0.000088
0.486000,0.000081,0.000007,0.000007,0.000016,0.000172,0.000172,0.000086
0.488000,0.000081,0.000007,0.000007,0.000171,0.000179,0.000179,0.000089
0.490000,0.000081,0.000007,0.000007,0.000308,0.000172,0.000172,0.000086
0.492000,0.000082,0.000007,0.000007,0.000150,0.000180,0.000180,0.000090
0.494000,0.000082,0.000007,0.000007,0.000268,0.000177,0.000177,0.000088
0.496000,0.000083,0.000007,0.000007,0.000177,0.000176,0.000176,0.000088
0.498000,0.000083,0.000007,0.000007,0.000266,0.000175,0.000175,0.000088
0.500000,0.000084,0.000008,0.000008,0.000172,0.000185,0.000185,0.000093
0.502000,0.000084,0.000008,0.000008,0.000299,0.000183,0.000183,0.000092
0.504000,0.000085,0.000008,0.000008,0.000329,0.000184,0.000184,0.000092
0.506000,0.000085,0.000008,0.000008,0.000174,0.000181,0.000181,0.000090
0.508000,0.000086,0.000008,0.000008,0.000112,0.000183,0.000183,0.000091
0.510000,0.000086,0.000008,0.000008,0.000081,0.000183,0.000183,0.000092
0.512000,0.000086,0.000008,0.000008,0.000154,0.000175,0.000175,0.000088
0.514000,0.000086,0.000008,0.000008,0.000171,0.000171,0.000171,0.000085
0.516000,0.000087,0.000008,0.000008,0.000203,0.000170,0.000170,0.000085
0.518000,0.000087,0.000008,0.000008,0.000153,0.000177,0.000177,0.000089
0.520000,0.000087,0.000008,0.000008,0.000061,0.000174,0.000174,0.000087
0.522000,0.000088,0.000008,0.000008,-0.000078,0.000177,0.000177,0.000088
0.524000,0.000087,0.000008,0.000008,-0.000236,0.000182,0.000182,0.000091
0.526000,0.000087,0.000008,0.000008,-0.000299,0.000177,0.000177,0.000088
0.528000,0.000086,0.000008,0.000008,-0.000367,0.000176,0.000176,0.000088
0.530000,0.000086,0.000008,0.000008,-0.000312,0.000176,0.000175,0.000088
0.532000,0.000085,0.000008,0.000008,-0.000339,0.000170,0.000170,0.000085
0.534000,0.000084,0.000008,0.000008,-0.000364,0.000182,0.000182,0.000091
0.536000,0.000084,0.000008,0.000008,-0.000303,0.000186,0.000186,0.000093
0.538000,0.000083,0.000008,0.000008,-0.000257,0.000193,0.000193,0.000097
0.540000,0.000082,0.000008,0.000008,-0.000354,0.000193,0.000193,0.000096
0.542000,0.000082,0.000008,0.000008,-0.000525,0.000202,0.000201,0.000101
0.544000,0.000081,0.000008,0.000008,-0.000646,0.000202,0.000201,0.000101
0.546000,0.000079,0.000009,0.000009,-0.000679,0.000200,0.000199,0.000100
0.548000,0.000078,0.000009,0.000009,-0.000493,0.000194,0.000194,0.000097
0.550000,0.000077,0.000009,0.000009,-0.000486,0.000184,0.000184,0.000092
0.552000,0.000076,0.000009,0.000009,-0.000472,0.000185,0.000185,0.000093
0.554000,0.000075,0.000009,0.000009,-0.000404,0.000187,0.000187,0.000094
0.556000,0.000074,0.000009,0.000009,-0.000324,0.000181,0.000181,0.000090
0.558000,0.000074,0.000009,0.000009,-0.000478,0.000185,0.000185,0.000093
0.560000,0.000073,0.000009,0.000009,-0.000651,0.000187,0.000186,0.000093
0.562000,0.000071,0.000009,0.000009,-0.000510,0.000188,0.000187,0.000094
0.564000,0.000070,0.000009,0.000009,-0.000285,0.000188,0.000188,0.000094
0.566000,0.000070,0.000009,0.000009,-0.000174,0.000186,0.000186,0.000093
0.568000,0.000069,0.000009,0.000009,0.000038,0.000181,0.000181,0.000091
0.570000,0.000070,0.000009,0.000009,0.000270,0.000185,0.000185,0.000092
0.572000,0.000070,0.000009,0.000009,0.000205,0.000189,0.000189,0.000094
0.574000,0.000070,0.000009,0.000009,0.000218,0.000190,0.000190,0.000095
0.576000,0.000071,0.000009,0.000009,0.000252,0.000195,0.000195,0.000098
0.578000,0.000071,0.000009,0.000009,0.000439,0.000192,0.000192,0.000096
0.580000,0.000072,0.000009,0.000009,0.000139,0.000194,0.000194,0.000097
0.582000,0.000073,0.000009,0.000009,0.000146,0.000187,0.000187,0.000094
0.584000,0.000073,0.000009,0.000009,0.000405,0.000186,0.000186,0.000093
0.586000,0.000074,0.000009,0.000009,0.000366,0.000190,0.000190,0.000095
0.588000,0.000074,0.000009,0.000009,0.000343,0.000191,0.000191,0.000095
0.590000,0.000075,0.000010,0.000010,0.000173,0.000187,0.000187,0.000094
0.592000,0.000075,0.000010,0.000010,0.000159,0.000189,0.000189,0.000094
0.594000,0.000076,0.000010,0.000010,0.000237,0.000181,0.000181,0.000090
0.596000,0.000076,0.000010,0.000010,0.000278,0.000187,0.000187,0.000093
0.598000,0.000077,0.000010,0.000010,0.000271,0.000183,0.000183,0.000092
0.600000,0.000077,0.000010,0.000010,0.000112,0.000178,0.000178,0.000089
0.602000,0.000078,0.000010,0.000010,0.000135,0.000175,0.000175,0.000087
0.604000,0.000078,0.000010,0.000010,0.000197,0.000174,0.000174,0.000087
0.606000,0.000078,0.000010,0.000010,0.000304,0.000172,0.000172,0.000086
0.608000,0.000079,0.000010,0.000010,0.000263,0.000169,0.000168,0.000084
0.610000,0.000079,0.000010,0.000010,0.000177,0.000176,0.000176,0.000088
0.612000,0.000080,0.000010,0.000010,0.000296,0.000184,0.000184,0.000092
0.614000,0.000080,0.000010,0.000010,-0.000109,0.000182,0.000182,0.000091
0.616000,0.000080,0.000010,0.000010,-0.000199,0.000179,0.000179,0.000089
0.618000,0.000080,0.000010,0.000010,-0.000202,0.000179,0.000179,0.000090
0.620000,0.000079,0.000010,0.000010,-0.000233,0.000180,0.000179,0.000090
0.622000,0.000079,0.000010,0.000010,-0.000334,0.000180,0.000180,0.000090
0.624000,0.000078,0.000010,0.000010,-0.000405,0.000178,0.000178,0.000089
0.626000,0.000077,0.000010,0.000010,-0.000783,0.000174,0.000174,0.000087
0.628000,0.000076,0.000010,0.000010,-0.000627,0.000178,0.000177,0.000089
0.630000,0.000074,0.000010,0.000010,-0.000539,0.000178,0.000178,0.000089
0.632000,0.000073,0.000010,0.000010,-0.000635,0.000170,0.000169,0.000085
0.634000,0.000072,0.000010,0.000010,-0.000537,0.000171,0.000171,0.000086
0.636000,0.000071,0.000010,0.000010,-0.000723,0.000174,0.000173,0.000087
0.638000,0.000070,0.000011,0.000011,-0.000695,0.000180,0.000179,0.000090
0.640000,0.000068,0.000011,0.000011,-0.000691,0.000183,0.000182,0.000091
0.642000,0.000067,0.000011,0.000011,-0.000802,0.000178,0.000178,0.000089
0.644000,0.000065,0.000011,0.000011,-0.000964,0.000180,0.000179,0.000090
0.646000,0.000063,0.000011,0.000011,-0.001025,0.000185,0.000184,0.000092
0.648000,0.000061,0.000011,0.000011,-0.001285,0.000186,0.000184,0.000093
0.650000,0.000059,0.000011,0.000011,-0.001329,0.000183,0.000181,0.000091
0.652000,0.000056,0.000011,0.000011,-0.001298,0.000192,0.000190,0.000096
0.654000,0.000053,0.000011,0.000011,-0.001320,0.000186,0.000185,0.000093
0.656000,0.000051,0.000011,0.000011,-0.000905,0.000184,0.000183,0.000092
0.658000,0.000049,0.000011,0.000011,-0.001121,0.000178,0.000177,0.000089
0.660000,0.000047,0.000011,0.000011,-0.001099,0.000176,0.000175,0.000088
0.662000,0.000045,0.000011,0.000011,-0.001110,0.000176,0.000175,0.000088
0.664000,0.000042,0.000011,0.000011,-0.001022,0.000174,0.000173,0.000087
0.666000,0.000040,0.000011,0.000011,-0.001351,0.000177,0.000175,0.000088
0.668000,0.000038,0.000011,0.000011,-0.001301,0.000178,0.000177,0.000089
0.670000,0.000035,0.000011,0.000011,-0.001396,0.000177,0.000175,0.000089
0.672000,0.000032,0.000011,0.000011,-0.001390,0.000176,0.000174,0.000088
0.674000,0.000029,0.000011,0.000011,-0.000999,0.000176,0.000175,0.000088
0.676000,0.000027,0.000011,0.000011,-0.000656,0.000174,0.000173,0.000087
0.678000,0.000026,0.000011,0.000011,-0.000899,0.000172,0.000171,0.000086
0.680000,0.000024,0.000011,0.000011,-0.000812,0.000177,0.000176,0.000088
0.682000,0.000023,0.000011,0.000011,-0.001086,0.000177,0.000176,0.000088
0.684000,0.000021,0.000011,0.000011,-0.001134,0.000174,0.000173,0.000087
0.686000,0.000018,0.000011,0.000011,-0.001562,0.000183,0.000181,0.000092
0.688000,0.000015,0.000011,0.000011,-0.001489,0.000190,0.000188,0.000095
0.690000,0.000012,0.000011,0.000011,-0.001294,0.000188,0.000186,0.000094
0.692000,0.000010,0.000011,0.000011,-0.001424,0.000182,0.000180,0.000091
0.694000,0.000007,0.000011,0.000011,-0.001170,0.000176,0.000175,0.000088
0.696000,0.000004,0.000011,0.000011,-0.001030,0.000172,0.000171,0.000086
0.698000,0.000002,0.000011,0.000011,-0.000851,0.000165,0.000164,0.000082
0.700000,0.000001,0.000011,0.000011,-0.000766,0.000169,0.000168,0.000084
0.702000,-0.000001,0.000011,0.000011,-0.000467,0.000168,0.000168,0.000084
0.704000,-0.000002,0.000011,0.000011,-0.000347,0.000171,0.000171,0.000085
0.706000,-0.000003,0.000011,0.000011,-0.000399,0.000174,0.000174,0.000087
0.708000,-0.000003,0.000011,0.000011,-0.000211,0.000165,0.000165,0.000083
0.710000,-0.000004,0.000012,0.000012,-0.000303,0.000169,0.000169,0.000084
0.712000,-0.000004,0.000012,0.000012,-0.000447,0.000170,0.000170,0.000085
0.714000,-0.000005,0.000012,0.000012,-0.000219,0.000169,0.000169,0.000085
0.716000,-0.000006,0.000012,0.000012,-0.000261,0.000169,0.000169,0.000085
0.718000,-0.000006,0.000012,0.000012,-0.000213,0.000164,0.000164,0.000082
0.720000,-0.000007,0.000012,0.000012,-0.000277,0.000166,0.000166,0.000083
0.722000,-0.000007,0.000012,0.000012,-0.000219,0.000164,0.000164,0.000082
0.724000,-0.000008,0.000012,0.000012,0.000061,0.000163,0.000163,0.000081
0.726000,-0.000008,0.000012,0.000012,-0.000029,0.000167,0.000167,0.000083
0.728000,-0.000008,0.000012,0.000012,0.000002,0.000167,0.000167,0.000084
0.730000,-0.000008,0.000012,0.000012,0.000011,0.000170,0.000170,0.000085
0.732000,-0.000008,0.000012,0.000012,0.000106,0.000169,0.000169,0.000085
0.734000,-0.000007,0.000012,0.000012,0.000283,0.000169,0.000169,0.000085
0.736000,-0.000007,0.000012,0.000012,0.000298,0.000171,0.000171,0.000085
0.738000,-0.000006,0.000012,0.000012,0.000296,0.000173,0.000173,0.000087
0.740000,-0.000006,0.000012,0.000012,0.000139,0.000172,0.000172,0.000086
0.742000,-0.000005,0.000012,0.000012,-0.000100,0.000176,0.000176,0.000088
0.744000,-0.000006,0.000012,0.000012,-0.000102,0.000189,0.000189,0.000094
0.746000,-0.000006,0.000012,0.000012,-0.000083,0.000188,0.000188,0.000094
0.748000,-0.000006,0.000012,0.000012,-0.000185,0.000187,0.000187,0.000093
0.750000,-0.000006,0.000012,0.000012,0.000009,0.000186,0.000186,0.000093
0.752000,-0.000006,0.000012,0.000012,0.000041,0.000185,0.000185,0.000093
0.754000,-0.000006,0.000012,0.000012,-0.000300,0.000184,0.000184,0.000092
0.756000,-0.000007,0.000012,0.000012,-0.000258,0.000180,0.000180,0.000090
0.758000,-0.000007,0.000012,0.000012,-0.000017,0.000187,0.000187,0.000094
0.760000,-0.000007,0.000012,0.000012,0.000155,0.000192,0.000192,0.000096
0.762000,-0.000007,0.000012,0.000012,0.000067,0.000192,0.000192,0.000096
0.764000,-0.000007,0.000012,0.000012,-0.000013,0.000194,0.000194,0.000097
0.766000,-0.000007,0.000012,0.000012,0.000033,0.000199,0.000199,0.000099
0.768000,-0.000007,0.000012,0.000012,0.000191,0.000197,0.000197,0.000099
0.770000,-0.000006,0.000012,0.000012,-0.000025,0.000195,0.000195,0.000097
0.772000,-0.000006,0.000012,0.000012,-0.000148,0.000197,0.000197,0.000098
0.774000,-0.000007,0.000012,0.000012,-0.000357,0.000210,0.000210,0.000105
0.776000,-0.000008,0.000012,0.000012,-0.000223,0.000206,0.000206,0.000103
0.778000,-0.000008,0.000013,0.000013,-0.000207,0.000205,0.000205,0.000102
0.780000,-0.000008,0.000013,0.000013,-0.000132,0.000202,0.000202,0.000101
0.782000,-0.000009,0.000013,0.000013,-0.000203,0.000201,0.000201,0.000100
0.784000,-0.000009,0.000013,0.000013,-0.000232,0.000203,0.000203,0.000101
0.786000,-0.000009,0.000013,0.000013,-0.000437,0.000204,0.000204,0.000102
0.788000,-0.000010,0.000013,0.000013,-0.000434,0.000206,0.000206,0.000103
0.790000,-0.000011,0.000013,0.000013,-0.000560,0.000213,0.000212,0.000106
0.792000,-0.000012,0.000013,0.000013,-0.000516,0.000213,0.000213,0.000107
0.794000,-0.000013,0.000013,0.000013,-0.000521,0.000217,0.000217,0.000108
0.796000,-0.000014,0.000013,0.000013,-0.000573,0.000216,0.000215,0.000108
0.798000,-0.000016,0.000013,0.000013,-0.000607,0.000215,0.000214,0.000107
0.800000,-0.000017,0.000013,0.000013,-0.000457,0.000217,0.000216,0.000108
0.802000,-0.000018,0.000013,0.000013,-0.000319,0.000218,0.000218,0.000109
0.804000,-0.000018,0.000013,0.000013,-0.000582,0.000213,0.000213,0.000106
0.806000,-0.000020,0.000013,0.000013,-0.000452,0.000212,0.000212,0.000106
0.808000,-0.000020,0.000013,0.000013,-0.000760,0.000207,0.000207,0.000104
0.810000,-0.000022,0.000013,0.000013,-0.000914,0.000207,0.000206,0.000104
0.812000,-0.000024,0.000013,0.000013,-0.000939,0.000203,0.000202,0.000101
0.814000,-0.000026,0.000013,0.000013,-0.000924,0.000196,0.000196,0.000098
0.816000,-0.000027,0.000013,0.000013,-0.000950,0.000196,0.000195,0.000098
0.818000,-0.000029,0.000013,0.000013,-0.001156,0.000205,0.000204,0.000102
0.820000,-0.000032,0.000013,0.000013,-0.001210,0.000203,0.000202,0.000102
0.822000,-0.000034,0.000013,0.000013,-0.000995,0.000195,0.000194,0.000098
0.824000,-0.000036,0.000014,0.000014,-0.001192,0.000182,0.000180,0.000091
0.826000,-0.000038,0.000014,0.000014,-0.001264,0.000181,0.000179,0.000090
0.828000,-0.000041,0.000014,0.000014,-0.001325,0.000178,0.000176,0.000089
0.830000,-0.000044,0.000014,0.000014,-0.001392,0.000173,0.000171,0.000087
0.832000,-0.000046,0.000014,0.000014,-0.001395,0.000170,0.000168,0.000085
0.834000,-0.000049,0.000014,0.000014,-0.001463,0.000179,0.000177,0.000090
0.836000,-0.000052,0.000014,0.000014,-0.001662,0.000178,0.000176,0.000089
0.838000,-0.000055,0.000014,0.000014,-0.001617,0.000181,0.000178,0.000090
0.840000,-0.000059,0.000014,0.000014,-0.001369,0.000178,0.000176,0.000089
0.842000,-0.000061,0.000014,0.000014,-0.001334,0.000181,0.000179,0.000091
0.844000,-0.000064,0.000014,0.000014,-0.001191,0.000183,0.000182,0.000092
0.846000,-0.000067,0.000014,0.000014,-0.001293,0.000178,0.000176,0.000089
0.848000,-0.000069,0.000014,0.000014,-0.001347,0.000172,0.000170,0.000086
0.850000,-0.000072,0.000014,0.000014,-0.001196,0.000163,0.000161,0.000081
0.852000,-0.000074,0.000014,0.000014,-0.001162,0.000171,0.000170,0.000086
0.854000,-0.000077,0.000014,0.000014,-0.000944,0.000175,0.000174,0.000088
0.856000,-0.000078,0.000014,0.000014,-0.000847,0.000179,0.000178,0.000089
0.858000,-0.000080,0.000014,0.000014,-0.000653,0.000176,0.000176,0.000088
0.860000,-0.000081,0.000014,0.000014,-0.000496,0.000175,0.000175,0.000088
0.862000,-0.000082,0.000014,0.000014,-0.000359,0.000170,0.000170,0.000085
0.864000,-0.000083,0.000014,0.000014,-0.000224,0.000173,0.000173,0.000087
0.866000,-0.000084,0.000014,0.000014,-0.000371,0.000176,0.000176,0.000088
0.868000,-0.000084,0.000014,0.000014,-0.000203,0.000174,0.000174,0.000087
0.870000,-0.000085,0.000014,0.000014,-0.000158,0.000176,0.000176,0.000088
0.872000,-0.000085,0.000014,0.000014,-0.000112,0.000181,0.000181,0.000090
0.874000,-0.000085,0.000014,0.000014,0.000100,0.000179,0.000179,0.000089
0.876000,-0.000085,0.000014,0.000014,0.000024,0.000183,0.000183,0.000091
0.878000,-0.000085,0.000015,0.000014,-0.000364,0.000187,0.000187,0.000093
0.880000,-0.000086,0.000015,0.000015,-0.000345,0.000193,0.000193,0.000097
0.882000,-0.000086,0.000015,0.000015,-0.000390,0.000187,0.000187,0.000094
0.884000,-0.000087,0.000015,0.000015,-0.000502,0.000196,0.000195,0.000098
0.886000,-0.000088,0.000015,0.000015,-0.000578,0.000197,0.000197,0.000099
0.888000,-0.000089,0.000015,0.000015,-0.000472,0.000190,0.000190,0.000095
0.890000,-0.000090,0.000015,0.000015,-0.000470,0.000192,0.000192,0.000096
0.892000,-0.000091,0.000015,0.000015,-0.000704,0.000185,0.000185,0.000093
0.894000,-0.000093,0.000015,0.000015,-0.000712,0.000184,0.000183,0.000092
0.896000,-0.000094,0.000015,0.000015,-0.000728,0.000189,0.000188,0.000094
0.898000,-0.000096,0.000015,0.000015,-0.001214,0.000185,0.000183,0.000092
0.900000,-0.000098,0.000015,0.000015,-0.001241,0.000189,0.000187,0.000094
0.902000,-0.000100,0.000015,0.000015,-0.001111,0.000180,0.000179,0.000090
0.904000,-0.000103,0.000015,0.000015,-0.000993,0.000186,0.000185,0.000093
0.906000,-0.000105,0.000015,0.000015,-0.000651,0.000185,0.000185,0.000093
0.908000,-0.000106,0.000015,0.000015,-0.000638,0.000189,0.000188,0.000094
0.910000,-0.000107,0.000015,0.000015,-0.000770,0.000196,0.000195,0.000098
0.912000,-0.000109,0.000015,0.000015,-0.000617,0.000204,0.000204,0.000102
0.914000,-0.000110,0.000015,0.000015,-0.000623,0.000201,0.000201,0.000101
0.916000,-0.000111,0.000015,0.000015,-0.000324,0.000193,0.000193,0.000097
0.918000,-0.000112,0.000015,0.000015,-0.000148,0.000198,0.000198,0.000099
0.920000,-0.000112,0.000015,0.000015,-0.000265,0.000195,0.000195,0.000098
0.922000,-0.000113,0.000015,0.000015,-0.000349,0.000193,0.000193,0.000097
0.924000,-0.000113,0.000016,0.000016,-0.000327,0.000197,0.000197,0.000098
0.926000,-0.000114,0.000016,0.000016,-0.000489,0.000198,0.000198,0.000099
0.928000,-0.000115,0.000016,0.000016,-0.000433,0.000198,0.000198,0.000099
0.930000,-0.000116,0.000016,0.000016,-0.000602,0.000200,0.000200,0.000100
0.932000,-0.000117,0.000016,0.000016,-0.000851,0.000194,0.000193,0.000097
0.934000,-0.000119,0.000016,0.000016,-0.001050,0.000198,0.000197,0.000099
0.936000,-0.000121,0.000016,0.000016,-0.001003,0.000198,0.000197,0.000099
0.938000,-0.000123,0.000016,0.000016,-0.001087,0.000193,0.000192,0.000096
0.940000,-0.000125,0.000016,0.000016,-0.001224,0.000188,0.000186,0.000094
0.942000,-0.000128,0.000016,0.000016,-0.001044,0.000191,0.000190,0.000096
0.944000,-0.000130,0.000016,0.000016,-0.000902,0.000192,0.000191,0.000096
0.946000,-0.000131,0.000016,0.000016,-0.000884,0.000198,0.000197,0.000099
0.948000,-0.000133,0.000016,0.000016,-0.000739,0.000202,0.000201,0.000101
0.950000,-0.000135,0.000016,0.000016,-0.000749,0.000196,0.000195,0.000098
0.952000,-0.000136,0.000016,0.000016,-0.001021,0.000193,0.000192,0.000097
0.954000,-0.000138,0.000016,0.000016,-0.000741,0.000192,0.000191,0.000096
0.956000,-0.000140,0.000016,0.000016,-0.000578,0.000188,0.000188,0.000094
0.958000,-0.000141,0.000016,0.000016,-0.000286,0.000184,0.000184,0.000092
0.960000,-0.000141,0.000016,0.000016,-0.000307,0.000185,0.000185,0.000093
0.962000,-0.000142,0.000016,0.000016,-0.000309,0.000181,0.000181,0.000091
0.964000,-0.000143,0.000016,0.000016,-0.000343,0.000187,0.000187,0.000093
0.966000,-0.000143,0.000016,0.000016,-0.000499,0.000188,0.000187,0.000094
0.968000,-0.000144,0.000016,0.000016,-0.000580,0.000184,0.000184,0.000092
0.970000,-0.000146,0.000016,0.000016,-0.000761,0.000185,0.000185,0.000093
0.972000,-0.000147,0.000016,0.000016,-0.000940,0.000186,0.000185,0.000093
0.974000,-0.000149,0.000016,0.000016,-0.000802,0.000192,0.000191,0.000096
0.976000,-0.000151,0.000016,0.000016,-0.000503,0.000193,0.000193,0.000097
0.978000,-0.000152,0.000016,0.000016,-0.000412,0.000193,0.000193,0.000097
0.980000,-0.000152,0.000016,0.000016,-0.000130,0.000183,0.000183,0.000091
0.982000,-0.000153,0.000016,0.000016,0.000005,0.000182,0.000182,0.000091
0.984000,-0.000153,0.000017,0.000016,-0.000088,0.000186,0.000186,0.000093
0.986000,-0.000153,0.000017,0.000017,-0.000292,0.000187,0.000187,0.000093
0.988000,-0.000153,0.000017,0.000017,-0.000456,0.000182,0.000182,0.000091
0.990000,-0.000154,0.000017,0.000017,-0.000483,0.000173,0.000173,0.000087
0.992000,-0.000155,0.000017,0.000017,-0.000526,0.000171,0.000171,0.000086
0.994000,-0.000156,0.000017,0.000017,-0.000564,0.000175,0.000175,0.000087
0.996000,-0.000157,0.000017,0.000017,-0.000695,0.000169,0.000168,0.000084
0.998000,-0.000159,0.000017,0.000017,-0.000575,0.000166,0.000166,0.000083
1.000000,-0.000160,0.000017,0.000017,-0.000344,0.000164,0.000164,0.000082
1.002000,-0.000161,0.000017,0.000017,0.000098,0.000163,0.000163,0.000082
1.004000,-0.000160,0.000017,0.000017,0.000221,0.000161,0.000161,0.000080
1.006000,-0.000160,0.000017,0.000017,0.000493,0.000164,0.000164,0.000082
1.008000,-0.000159,0.000017,0.000017,0.000517,0.000171,0.000170,0.000085
1.010000,-0.000158,0.000017,0.000017,0.000624,0.000172,0.000172,0.000086
1.012000,-0.000157,0.000017,0.000017,0.000494,0.000180,0.000180,0.000090
1.014000,-0.000156,0.000017,0.000017,0.000645,0.000188,0.000187,0.000094
1.016000,-0.000154,0.000017,0.000017,0.000543,0.000186,0.000185,0.000093
1.018000,-0.000153,0.000017,0.000017,0.000077,0.000186,0.000186,0.000093
1.020000,-0.000153,0.000017,0.000017,0.000037,0.000190,0.000190,0.000095
1.022000,-0.000153,0.000017,0.000017,-0.000003,0.000190,0.000190,0.000095
1.024000,-0.000153,0.000017,0.000017,0.000017,0.000191,0.000191,0.000095
1.026000,-0.000153,0.000017,0.000017,0.000180,0.000198,0.000198,0.000099
1.028000,-0.000153,0.000017,0.000017,0.000009,0.000199,0.000199,0.000099
1.030000,-0.000153,0.000017,0.000017,0.000153,0.000199,0.000199,0.000099
1.032000,-0.000152,0.000017,0.000017,-0.000009,0.000202,0.000202,0.000101
1.034000,-0.000152,0.000017,0.000017,-0.000132,0.000204,0.000204,0.000102
1.036000,-0.000153,0.000017,0.000017,-0.000134,0.000213,0.000213,0.000107
1.038000,-0.000153,0.000017,0.000017,-0.000051,0.000207,0.000207,0.000104
1.040000,-0.000153,0.000017,0.000017,0.000153,0.000205,0.000205,0.000102
1.042000,-0.000153,0.000017,0.000017,0.000251,0.000196,0.000196,0.000098
1.044000,-0.000152,0.000017,0.000017,0.000134,0.000198,0.000198,0.000099
1.046000,-0.000152,0.000017,0.000017,0.000323,0.000198,0.000198,0.000099
1.048000,-0.000151,0.000017,0.000017,0.000291,0.000191,0.000190,0.000095
1.050000,-0.000151,0.000017,0.000017,0.000271,0.000183,0.000183,0.000092
1.052000,-0.000150,0.000018,0.000018,0.000563,0.000189,0.000189,0.000095
1.054000,-0.000149,0.000018,0.000018,0.000181,0.000189,0.000189,0.000094
1.056000,-0.000149,0.000018,0.000018,0.000280,0.000195,0.000194,0.000097
1.058000,-0.000148,0.000018,0.000018,0.000199,0.000196,0.000196,0.000098
1.060000,-0.000148,0.000018,0.000018,0.000145,0.000200,0.000200,0.000100
1.062000,-0.000148,0.000018,0.000018,0.000131,0.000198,0.000198,0.000099
1.064000,-0.000147,0.000018,0.000018,0.000074,0.000188,0.000188,0.000094
1.066000,-0.000147,0.000018,0.000018,0.000422,0.000191,0.000191,0.000095
1.068000,-0.000146,0.000018,0.000018,0.000232,0.000196,0.000196,0.000098
1.070000,-0.000146,0.000018,0.000018,0.000380,0.000197,0.000197,0.000099
1.072000,-0.000145,0.000018,0.000018,0.000367,0.000186,0.000186,0.000093
1.074000,-0.000144,0.000018,0.000018,0.000555,0.000192,0.000192,0.000096
1.076000,-0.000143,0.000018,0.000018,0.000442,0.000193,0.000193,0.000096
1.078000,-0.000142,0.000018,0.000018,0.000378,0.000197,0.000196,0.000098
1.080000,-0.000142,0.000018,0.000018,0.000481,0.000205,0.000204,0.000102
1.082000,-0.000141,0.000018,0.000018,0.000689,0.000203,0.000202,0.000101
1.084000,-0.000139,0.000018,0.000018,0.000809,0.000204,0.000203,0.000102
1.086000,-0.000138,0.000018,0.000018,0.000460,0.000209,0.000209,0.000105
1.088000,-0.000137,0.000018,0.000018,0.000486,0.000208,0.000207,0.000104
1.090000,-0.000136,0.000018,0.000018,0.000621,0.000200,0.000199,0.000100
1.092000,-0.000134,0.000018,0.000018,0.000691,0.000199,0.000198,0.000099
1.094000,-0.000133,0.000018,0.000018,0.000641,0.000194,0.000194,0.000097
1.096000,-0.000132,0.000018,0.000018,0.000699,0.000200,0.000200,0.000100
1.098000,-0.000130,0.000018,0.000018,0.000435,0.000209,0.000209,0.000104
1.100000,-0.000130,0.000018,0.000018,0.000300,0.000200,0.000200,0.000100
1.102000,-0.000129,0.000018,0.000018,0.000183,0.000198,0.000198,0.000099
1.104000,-0.000129,0.000018,0.000018,0.000215,0.000195,0.000195,0.000097
1.106000,-0.000128,0.000018,0.000018,-0.000363,0.000204,0.000204,0.000102
1.108000,-0.000129,0.000018,0.000018,-0.000531,0.000195,0.000194,0.000097
1.110000,-0.000130,0.000018,0.000018,-0.000447,0.000195,0.000195,0.000098
1.112000,-0.000131,0.000018,0.000018,-0.000427,0.000193,0.000193,0.000096
1.114000,-0.000132,0.000018,0.000018,-0.000581,0.000197,0.000197,0.000099
1.116000,-0.000133,0.000018,0.000018,-0.000916,0.000206,0.000205,0.000103
1.118000,-0.000135,0.000019,0.000018,-0.001177,0.000203,0.000201,0.000101
1.120000,-0.000137,0.000019,0.000019,-0.001120,0.000207,0.000206,0.000104
1.122000,-0.000139,0.000019,0.000019,-0.001210,0.000209,0.000208,0.000105
1.124000,-0.000142,0.000019,0.000019,-0.001418,0.000209,0.000207,0.000105
1.126000,-0.000145,0.000019,0.000019,-0.001282,0.000206,0.000205,0.000103
1.128000,-0.000147,0.000019,0.000019,-0.001457,0.000200,0.000198,0.000100
1.130000,-0.000150,0.000019,0.000019,-0.001239,0.000196,0.000195,0.000098
1.132000,-0.000152,0.000019,0.000019,-0.001213,0.000199,0.000198,0.000100
1.134000,-0.000155,0.000019,0.000019,-0.001210,0.000203,0.000202,0.000102
1.136000,-0.000157,0.000019,0.000019,-0.001011,0.000205,0.000204,0.000103
1.138000,-0.000159,0.000019,0.000019,-0.000894,0.000201,0.000201,0.000101
1.140000,-0.000161,0.000019,0.000019,-0.000722,0.000206,0.000205,0.000103
1.142000,-0.000163,0.000019,0.000019,-0.000583,0.000195,0.000195,0.000097
1.144000,-0.000164,0.000019,0.000019,-0.000502,0.000192,0.000192,0.000096
1.146000,-0.000165,0.000019,0.000019,-0.000512,0.000186,0.000186,0.000093
1.148000,-0.000166,0.000019,0.000019,-0.000454,0.000191,0.000191,0.000095
1.150000,-0.000167,0.000019,0.000019,-0.000320,0.000186,0.000186,0.000093
1.152000,-0.000167,0.000019,0.000019,-0.000011,0.000183,0.000183,0.000091
1.154000,-0.000167,0.000019,0.000019,-0.000145,0.000180,0.000180,0.000090
1.156000,-0.000168,0.000019,0.000019,0.000195,0.000175,0.000175,0.000088
1.158000,-0.000167,0.000019,0.000019,0.000071,0.000171,0.000171,0.000086
1.160000,-0.000167,0.000019,0.000019,0.000172,0.000172,0.000172,0.000086
1.162000,-0.000167,0.000019,0.000019,-0.000089,0.000171,0.000171,0.000085
1.164000,-0.000167,0.000019,0.000019,0.000097,0.000166,0.000166,0.000083
1.166000,-0.000167,0.000019,0.000019,0.000039,0.000160,0.000160,0.000080
1.168000,-0.000167,0.000019,0.000019,0.000258,0.000163,0.000163,0.000081
1.170000,-0.000166,0.000019,0.000019,0.000190,0.000162,0.000162,0.000081
1.172000,-0.000166,0.000020,0.000019,0.000214,0.000161,0.000161,0.000080
1.174000,-0.000165,0.000020,0.000020,0.000217,0.000163,0.000163,0.000081
1.176000,-0.000165,0.000020,0.000020,0.000131,0.000167,0.000167,0.000084
1.178000,-0.000165,0.000020,0.000020,0.000456,0.000158,0.000158,0.000079
1.180000,-0.000164,0.000020,0.000020,0.000578,0.000165,0.000164,0.000082
1.182000,-0.000163,0.000020,0.000020,0.000484,0.000165,0.000165,0.000083
1.184000,-0.000162,0.000020,0.000020,0.000281,0.000168,0.000168,0.000084
1.186000,-0.000161,0.000020,0.000020,0.000541,0.000174,0.000174,0.000087
1.188000,-0.000160,0.000020,0.000020,0.000491,0.000169,0.000168,0.000084
1.190000,-0.000159,0.000020,0.000020,0.000680,0.000172,0.000172,0.000086
1.192000,-0.000158,0.000020,0.000020,0.000701,0.000171,0.000171,0.000086
1.194000,-0.000156,0.000020,0.000020,0.000490,0.000174,0.000174,0.000087
1.196000,-0.000155,0.000020,0.000020,0.000244,0.000173,0.000173,0.000087
1.198000,-0.000155,0.000020,0.000020,0.000238,0.000175,0.000175,0.000087
1.200000,-0.000154,0.000020,0.000020,0.000396,0.000171,0.000171,0.000086
1.202000,-0.000153,0.000020,0.000020,0.000571,0.000173,0.000173,0.000087
1.204000,-0.000152,0.000020,0.000020,0.000690,0.000174,0.000173,0.000087
1.206000,-0.000151,0.000020,0.000020,0.000720,0.000180,0.000179,0.000090
1.208000,-0.000150,0.000020,0.000020,0.000512,0.000183,0.000183,0.000092
1.210000,-0.000148,0.000020,0.000020,0.000593,0.000185,0.000185,0.000093
1.212000,-0.000147,0.000020,0.000020,0.000509,0.000184,0.000184,0.000092
1.214000,-0.000146,0.000020,0.000020,0.000527,0.000190,0.000190,0.000095
1.216000,-0.000145,0.000020,0.000020,0.000436,0.000192,0.000191,0.000096
1.218000,-0.000144,0.000020,0.000020,0.000387,0.000193,0.000193,0.000096
1.220000,-0.000144,0.000020,0.000020,0.000164,0.000190,0.000190,0.000095
1.222000,-0.000143,0.000020,0.000020,0.000190,0.000191,0.000191,0.000095
1.224000,-0.000143,0.000021,0.000020,0.000057,0.000194,0.000194,0.000097
1.226000,-0.000143,0.000021,0.000021,0.000253,0.000194,0.000194,0.000097
1.228000,-0.000142,0.000021,0.000021,-0.000064,0.000191,0.000191,0.000096
1.230000,-0.000142,0.000021,0.000021,0.000214,0.000193,0.000193,0.000096
1.232000,-0.000142,0.000021,0.000021,0.000244,0.000194,0.000194,0.000097
1.234000,-0.000141,0.000021,0.000021,0.000528,0.000198,0.000198,0.000099
1.236000,-0.000140,0.000021,0.000021,0.000366,0.000198,0.000198,0.000099
1.238000,-0.000140,0.000021,0.000021,0.000290,0.000202,0.000202,0.000101
1.240000,-0.000139,0.000021,0.000021,0.000281,0.000200,0.000200,0.000100
1.242000,-0.000139,0.000021,0.000021,-0.000109,0.000200,0.000200,0.000100
1.244000,-0.000139,0.000021,0.000021,-0.000385,0.000200,0.000200,0.000100
1.246000,-0.000140,0.000021,0.000021,-0.000195,0.000199,0.000199,0.000100
1.248000,-0.000140,0.000021,0.000021,-0.000234,0.000201,0.000201,0.000101
1.250000,-0.000140,0.000021,0.000021,-0.000142,0.000199,0.000199,0.000100
1.252000,-0.000141,0.000021,0.000021,-0.000112,0.000205,0.000205,0.000102
1.254000,-0.000141,0.000021,0.000021,0.000060,0.000199,0.000199,0.000099
1.256000,-0.000141,0.000021,0.000021,-0.000071,0.000196,0.000196,0.000098
1.258000,-0.000141,0.000021,0.000021,0.000130,0.000189,0.000189,0.000095
1.260000,-0.000141,0.000021,0.000021,0.000291,0.000186,0.000186,0.000093
1.262000,-0.000140,0.000021,0.000021,0.000130,0.000176,0.000176,0.000088
1.264000,-0.000140,0.000021,0.000021,0.000164,0.000180,0.000180,0.000090
1.266000,-0.000139,0.000021,0.000021,0.000243,0.000177,0.000177,0.000089
1.268000,-0.000139,0.000021,0.000021,0.000239,0.000179,0.000179,0.000090
1.270000,-0.000139,0.000021,0.000021,0.000295,0.000184,0.000184,0.000092
1.272000,-0.000138,0.000022,0.000021,0.000183,0.000186,0.000186,0.000093
1.274000,-0.000138,0.000022,0.000022,-0.000015,0.000183,0.000183,0.000092
1.276000,-0.000138,0.000022,0.000022,-0.000066,0.000185,0.000185,0.000092
1.278000,-0.000138,0.000022,0.000022,-0.000081,0.000182,0.000182,0.000091
1.280000,-0.000138,0.000022,0.000022,-0.000111,0.000181,0.000181,0.000090
1.282000,-0.000138,0.000022,0.000022,-0.000006,0.000180,0.000180,0.000090
1.284000,-0.000138,0.000022,0.000022,0.000102,0.000173,0.000173,0.000087
1.286000,-0.000138,0.000022,0.000022,0.000073,0.000175,0.000175,0.000087
1.288000,-0.000138,0.000022,0.000022,0.000044,0.000176,0.000176,0.000088
1.290000,-0.000138,0.000022,0.000022,0.000031,0.000173,0.000173,0.000087
1.292000,-0.000138,0.000022,0.000022,-0.000058,0.000173,0.000173,0.000086
1.294000,-0.000138,0.000022,0.000022,0.000145,0.000167,0.000167,0.000083
1.296000,-0.000137,0.000022,0.000022,0.000271,0.000162,0.000162,0.000081
1.298000,-0.000137,0.000022,0.000022,0.000528,0.000160,0.000159,0.000080
1.300000,-0.000136,0.000022,0.000022,0.000494,0.000163,0.000162,0.000081
1.302000,-0.000135,0.000022,0.000022,0.000726,0.000162,0.000161,0.000081
1.304000,-0.000133,0.000022,0.000022,0.000653,0.000168,0.000167,0.000084
1.306000,-0.000132,0.000022,0.000022,0.000688,0.000168,0.000167,0.000084
1.308000,-0.000131,0.000022,0.000022,0.000935,0.000178,0.000177,0.000089
1.310000,-0.000129,0.000022,0.000022,0.000679,0.000179,0.000179,0.000090
1.312000,-0.000127,0.000022,0.000022,0.000638,0.000187,0.000187,0.000094
1.314000,-0.000126,0.000022,0.000022,0.000489,0.000188,0.000188,0.000094
1.316000,-0.000125,0.000022,0.000022,0.000622,0.000183,0.000183,0.000092
1.318000,-0.000124,0.000022,0.000022,0.000560,0.000180,0.000179,0.000090
1.320000,-0.000123,0.000022,0.000022,0.000758,0.000179,0.000179,0.000090
1.322000,-0.000121,0.000022,0.000022,0.000586,0.000183,0.000183,0.000092
1.324000,-0.000120,0.000022,0.000022,0.000520,0.000179,0.000179,0.000089
1.326000,-0.000119,0.000022,0.000022,0.000585,0.000173,0.000173,0.000087
1.328000,-0.000118,0.000022,0.000022,0.000673,0.000172,0.000172,0.000086
1.330000,-0.000117,0.000023,0.000023,0.000868,0.000175,0.000175,0.000088
1.332000,-0.000115,0.000023,0.000023,0.000682,0.000179,0.000179,0.000090
1.334000,-0.000114,0.000023,0.000023,0.000553,0.000178,0.000178,0.000089
1.336000,-0.000112,0.000023,0.000023,0.000680,0.000177,0.000177,0.000089
1.338000,-0.000111,0.000023,0.000023,0.000909,0.000177,0.000177,0.000089
1.340000,-0.000109,0.000023,0.000023,0.000731,0.000171,0.000170,0.000085
1.342000,-0.000108,0.000023,0.000023,0.000698,0.000170,0.000169,0.000085
1.344000,-0.000106,0.000023,0.000023,0.000776,0.000167,0.000166,0.000084
1.346000,-0.000105,0.000023,0.000023,0.000810,0.000166,0.000165,0.000083
1.348000,-0.000103,0.000023,0.000023,0.000814,0.000168,0.000167,0.000084
1.350000,-0.000102,0.000023,0.000023,0.000922,0.000172,0.000171,0.000086
1.352000,-0.000100,0.000023,0.000023,0.000797,0.000166,0.000165,0.000083
1.354000,-0.000098,0.000023,0.000023,0.000929,0.000171,0.000170,0.000085
1.356000,-0.000096,0.000023,0.000023,0.000882,0.000175,0.000174,0.000088
1.358000,-0.000095,0.000023,0.000023,0.000976,0.000171,0.000170,0.000085
1.360000,-0.000093,0.000023,0.000023,0.000772,0.000165,0.000164,0.000082
1.362000,-0.000091,0.000023,0.000023,0.000512,0.000170,0.000170,0.000085
1.364000,-0.000090,0.000023,0.000023,0.000441,0.000167,0.000166,0.000083
1.366000,-0.000089,0.000023,0.000023,0.000246,0.000173,0.000173,0.000086
1.368000,-0.000089,0.000023,0.000023,0.000211,0.000182,0.000182,0.000091
1.370000,-0.000088,0.000023,0.000023,0.000290,0.000178,0.000178,0.000089
1.372000,-0.000088,0.000023,0.000023,0.000201,0.000166,0.000166,0.000083
1.374000,-0.000087,0.000023,0.000023,0.000083,0.000165,0.000165,0.000083
1.376000,-0.000087,0.000023,0.000023,0.000180,0.000172,0.000171,0.000086
1.378000,-0.000087,0.000023,0.000023,0.000454,0.000176,0.000176,0.000088
1.380000,-0.000086,0.000023,0.000023,0.000203,0.000167,0.000167,0.000084
1.382000,-0.000085,0.000023,0.000023,0.000071,0.000166,0.000166,0.000083
1.384000,-0.000085,0.000023,0.000023,0.000389,0.000172,0.000171,0.000086
1.386000,-0.000084,0.000023,0.000023,0.000399,0.000178,0.000178,0.000089
1.388000,-0.000084,0.000023,0.000023,0.000319,0.000178,0.000178,0.000089
1.390000,-0.000083,0.000023,0.000023,0.000217,0.000179,0.000179,0.000089
1.392000,-0.000083,0.000024,0.000024,0.000105,0.000188,0.000188,0.000094
1.394000,-0.000082,0.000024,0.000024,0.000064,0.000194,0.000194,0.000097
1.396000,-0.000082,0.000024,0.000024,0.000217,0.000191,0.000191,0.000095
1.398000,-0.000082,0.000024,0.000024,0.000053,0.000201,0.000201,0.000101
1.400000,-0.000082,0.000024,0.000024,-0.000195,0.000203,0.000203,0.000101
1.402000,-0.000082,0.000024,0.000024,-0.000582,0.000208,0.000208,0.000104
1.404000,-0.000083,0.000024,0.000024,-0.000474,0.000213,0.000213,0.000107
1.406000,-0.000084,0.000024,0.000024,-0.000684,0.000208,0.000208,0.000104
1.408000,-0.000086,0.000024,0.000024,-0.000529,0.000205,0.000205,0.000103
1.410000,-0.000087,0.000024,0.000024,-0.000724,0.000200,0.000200,0.000100
1.412000,-0.000088,0.000024,0.000024,-0.000493,0.000197,0.000197,0.000099
1.414000,-0.000089,0.000024,0.000024,-0.000681,0.000198,0.000197,0.000099
1.416000,-0.000090,0.000024,0.000024,-0.000759,0.000199,0.000198,0.000099
1.418000,-0.000092,0.000024,0.000024,-0.001115,0.000195,0.000193,0.000097
1.420000,-0.000094,0.000024,0.000024,-0.001006,0.000183,0.000182,0.000092
1.422000,-0.000096,0.000024,0.000024,-0.000745,0.000181,0.000180,0.000090
1.424000,-0.000098,0.000024,0.000024,-0.000899,0.000182,0.000181,0.000091
1.426000,-0.000100,0.000025,0.000025,-0.000944,0.000181,0.000180,0.000091
1.428000,-0.000101,0.000025,0.000025,-0.000789,0.000179,0.000179,0.000090
1.430000,-0.000103,0.000025,0.000025,-0.000512,0.000184,0.000184,0.000092
1.432000,-0.000104,0.000025,0.000025,-0.000387,0.000185,0.000185,0.000092
1.434000,-0.000105,0.000025,0.000025,-0.000655,0.000177,0.000177,0.000089
1.436000,-0.000106,0.000025,0.000025,-0.000492,0.000171,0.000171,0.000086
1.438000,-0.000107,0.000025,0.000025,-0.000509,0.000179,0.000179,0.000089
1.440000,-0.000108,0.000025,0.000025,-0.000334,0.000186,0.000186,0.000093
1.442000,-0.000109,0.000025,0.000025,-0.000135,0.000184,0.000184,0.000092
1.444000,-0.000109,0.000025,0.000025,-0.000028,0.000188,0.000188,0.000094
1.446000,-0.000109,0.000025,0.000025,-0.000133,0.000181,0.000181,0.000091
1.448000,-0.000109,0.000025,0.000025,-0.000064,0.000176,0.000176,0.000088
1.450000,-0.000109,0.000025,0.000025,-0.000094,0.000176,0.000176,0.000088
1.452000,-0.000110,0.000025,0.000025,-0.000009,0.000177,0.000177,0.000088
1.454000,-0.000110,0.000025,0.000025,0.000078,0.000176,0.000176,0.000088
1.456000,-0.000110,0.000025,0.000025,0.000092,0.000182,0.000182,0.000091
1.458000,-0.000109,0.000025,0.000025,0.000321,0.000178,0.000178,0.000089
1.460000,-0.000109,0.000025,0.000025,0.000413,0.000174,0.000174,0.000087
1.462000,-0.000108,0.000025,0.000025,0.000279,0.000182,0.000182,0.000091
1.464000,-0.000107,0.000025,0.000025,0.000473,0.000185,0.000185,0.000093
1.466000,-0.000106,0.000025,0.000025,0.000368,0.000182,0.000182,0.000091
1.468000,-0.000106,0.000025,0.000025,0.000302,0.000177,0.000177,0.000088
1.470000,-0.000105,0.000025,0.000025,0.000317,0.000185,0.000185,0.000093
1.472000,-0.000104,0.000025,0.000025,0.000535,0.000182,0.000182,0.000091
1.474000,-0.000103,0.000025,0.000025,0.000679,0.000183,0.000183,0.000092
1.476000,-0.000102,0.000025,0.000025,0.000646,0.000185,0.000184,0.000092
1.478000,-0.000101,0.000025,0.000025,0.000562,0.000184,0.000184,0.000092
1.480000,-0.000100,0.000025,0.000025,0.000412,0.000182,0.000182,0.000091
1.482000,-0.000099,0.000025,0.000025,0.000348,0.000189,0.000189,0.000094
1.484000,-0.000098,0.000026,0.000026,0.000339,0.000190,0.000189,0.000095
1.486000,-0.000097,0.000026,0.000026,0.000436,0.000189,0.000188,0.000094
1.488000,-0.000096,0.000026,0.000026,0.000221,0.000194,0.000194,0.000097
1.490000,-0.000096,0.000026,0.000026,0.000204,0.000193,0.000193,0.000097
1.492000,-0.000096,0.000026,0.000026,0.000098,0.000195,0.000195,0.000097
1.494000,-0.000095,0.000026,0.000026,-0.000004,0.000207,0.000207,0.000103
1.496000,-0.000095,0.000026,0.000026,0.000160,0.000201,0.000201,0.000101
1.498000,-0.000095,0.000026,0.000026,0.000108,0.000194,0.000194,0.000097
1.500000,-0.000095,0.000026,0.000026,0.000231,0.000193,0.000193,0.000096
1.502000,-0.000094,0.000026,0.000026,0.000423,0.000188,0.000188,0.000094
1.504000,-0.000094,0.000026,0.000026,0.000530,0.000188,0.000188,0.000094
1.506000,-0.000093,0.000026,0.000026,0.000440,0.000187,0.000187,0.000094
1.508000,-0.000092,0.000026,0.000026,0.000498,0.000181,0.000181,0.000091
1.510000,-0.000091,0.000026,0.000026,0.000691,0.000175,0.000175,0.000088
1.512000,-0.000089,0.000026,0.000026,0.000890,0.000182,0.000181,0.000091
1.514000,-0.000088,0.000026,0.000026,0.000744,0.000178,0.000177,0.000089
1.516000,-0.000086,0.000026,0.000026,0.000867,0.000182,0.000181,0.000091
1.518000,-0.000084,0.000026,0.000026,0.000961,0.000187,0.000186,0.000093
1.520000,-0.000082,0.000026,0.000026,0.000727,0.000183,0.000183,0.000092
1.522000,-0.000081,0.000026,0.000026,0.000663,0.000179,0.000179,0.000090
1.524000,-0.000080,0.000026,0.000026,0.000703,0.000176,0.000176,0.000088
1.526000,-0.000078,0.000026,0.000026,0.000558,0.000179,0.000178,0.000089
1.528000,-0.000077,0.000026,0.000026,0.000681,0.000176,0.000175,0.000088
1.530000,-0.000076,0.000026,0.000026,0.000678,0.000175,0.000174,0.000087
1.532000,-0.000074,0.000027,0.000027,0.000774,0.000179,0.000178,0.000089
1.534000,-0.000073,0.000027,0.000027,0.000841,0.000187,0.000186,0.000094
1.536000,-0.000071,0.000027,0.000027,0.000567,0.000183,0.000183,0.000092
1.538000,-0.000070,0.000027,0.000027,0.000395,0.000185,0.000184,0.000092
1.540000,-0.000069,0.000027,0.000027,0.000392,0.000178,0.000178,0.000089
1.542000,-0.000068,0.000027,0.000027,0.000302,0.000175,0.000175,0.000088
1.544000,-0.000068,0.000027,0.000027,0.000435,0.000169,0.000169,0.000085
1.546000,-0.000067,0.000027,0.000027,0.000549,0.000173,0.000173,0.000087
1.548000,-0.000066,0.000027,0.000027,0.000563,0.000168,0.000168,0.000084
1.550000,-0.000065,0.000027,0.000027,0.000420,0.000163,0.000162,0.000081
1.552000,-0.000064,0.000027,0.000027,0.000225,0.000166,0.000166,0.000083
1.554000,-0.000063,0.000027,0.000027,-0.000003,0.000164,0.000164,0.000082
1.556000,-0.000063,0.000027,0.000027,0.000039,0.000162,0.000162,0.000081
1.558000,-0.000063,0.000027,0.000027,-0.000273,0.000161,0.000161,0.000080
1.560000,-0.000064,0.000027,0.000027,-0.000442,0.000161,0.000161,0.000081
1.562000,-0.000065,0.000027,0.000027,-0.000367,0.000159,0.000159,0.000080
1.564000,-0.000066,0.000027,0.000027,-0.000291,0.000161,0.000161,0.000081
1.566000,-0.000066,0.000027,0.000027,-0.000273,0.000162,0.000162,0.000081
1.568000,-0.000067,0.000027,0.000027,-0.000513,0.000162,0.000161,0.000081
1.570000,-0.000068,0.000027,0.000027,-0.000501,0.000161,0.000161,0.000081
1.572000,-0.000069,0.000027,0.000027,-0.000481,0.000175,0.000175,0.000088
1.574000,-0.000070,0.000027,0.000027,-0.000471,0.000180,0.000180,0.000090
1.576000,-0.000071,0.000028,0.000027,-0.000380,0.000169,0.000169,0.000085
1.578000,-0.000071,0.000028,0.000028,-0.000249,0.000170,0.000170,0.000085
1.580000,-0.000072,0.000028,0.000028,-0.000306,0.000172,0.000172,0.000086
1.582000,-0.000072,0.000028,0.000028,-0.000249,0.000176,0.000176,0.000088
1.584000,-0.000073,0.000028,0.000028,-0.000143,0.000175,0.000175,0.000087
1.586000,-0.000073,0.000028,0.000028,-0.000372,0.000174,0.000174,0.000087
1.588000,-0.000074,0.000028,0.000028,-0.000249,0.000175,0.000175,0.000087
1.590000,-0.000074,0.000028,0.000028,-0.000406,0.000172,0.000172,0.000086
1.592000,-0.000075,0.000028,0.000028,-0.000267,0.000173,0.000173,0.000087
1.594000,-0.000076,0.000028,0.000028,-0.000376,0.000173,0.000172,0.000086
1.596000,-0.000077,0.000028,0.000028,-0.000377,0.000182,0.000182,0.000091
1.598000,-0.000077,0.000028,0.000028,-0.000353,0.000181,0.000181,0.000090
1.600000,-0.000078,0.000028,0.000028,-0.000356,0.000194,0.000194,0.000097
1.602000,-0.000079,0.000028,0.000028,-0.000364,0.000186,0.000186,0.000093
1.604000,-0.000079,0.000028,0.000028,-0.000236,0.000185,0.000185,0.000093
1.606000,-0.000080,0.000028,0.000028,-0.000426,0.000193,0.000193,0.000096
1.608000,-0.000081,0.000028,0.000028,-0.000135,0.000193,0.000193,0.000096
1.610000,-0.000081,0.000028,0.000028,-0.000049,0.000191,0.000191,0.000096
1.612000,-0.000081,0.000028,0.000028,0.000021,0.000183,0.000183,0.000091
1.614000,-0.000081,0.000028,0.000028,-0.000106,0.000182,0.000182,0.000091
1.616000,-0.000081,0.000028,0.000028,-0.000037,0.000178,0.000178,0.000089
1.618000,-0.000081,0.000028,0.000028,-0.000249,0.000180,0.000180,0.000090
1.620000,-0.000082,0.000028,0.000028,0.000057,0.000179,0.000179,0.000090
1.622000,-0.000082,0.000028,0.000028,0.000240,0.000181,0.000181,0.000090
1.624000,-0.000081,0.000028,0.000028,0.000244,0.000175,0.000175,0.000087
1.626000,-0.000081,0.000028,0.000028,0.000443,0.000168,0.000168,0.000084
1.628000,-0.000080,0.000028,0.000028,0.000385,0.000169,0.000169,0.000085
1.630000,-0.000079,0.000029,0.000029,0.000397,0.000164,0.000164,0.000082
1.632000,-0.000078,0.000029,0.000029,0.000178,0.000168,0.000168,0.000084
1.634000,-0.000078,0.000029,0.000029,0.000370,0.000170,0.000170,0.000085
1.636000,-0.000077,0.000029,0.000029,0.000398,0.000176,0.000176,0.000088
1.638000,-0.000076,0.000029,0.000029,0.000330,0.000177,0.000177,0.000089
1.640000,-0.000076,0.000029,0.000029,0.000489,0.000183,0.000183,0.000092
1.642000,-0.000075,0.000029,0.000029,0.000389,0.000185,0.000184,0.000092
1.644000,-0.000074,0.000029,0.000029,0.000600,0.000179,0.000179,0.000090
1.646000,-0.000073,0.000029,0.000029,0.000362,0.000182,0.000182,0.000091
1.648000,-0.000072,0.000029,0.000029,0.000187,0.000189,0.000189,0.000095
1.650000,-0.000072,0.000029,0.000029,0.000404,0.000191,0.000190,0.000095
1.652000,-0.000071,0.000029,0.000029,0.000434,0.000192,0.000191,0.000096
1.654000,-0.000070,0.000029,0.000029,0.000445,0.000191,0.000191,0.000096
1.656000,-0.000069,0.000029,0.000029,0.000392,0.000175,0.000174,0.000087
1.658000,-0.000068,0.000029,0.000029,0.000272,0.000171,0.000171,0.000086
1.660000,-0.000068,0.000029,0.000029,0.000608,0.000170,0.000170,0.000085
1.662000,-0.000067,0.000029,0.000029,0.000703,0.000170,0.000170,0.000085
1.664000,-0.000065,0.000029,0.000029,0.000750,0.000175,0.000175,0.000088
1.666000,-0.000064,0.000029,0.000029,0.000885,0.000180,0.000179,0.000090
1.668000,-0.000062,0.000030,0.000030,0.000923,0.000175,0.000174,0.000088
1.670000,-0.000060,0.000030,0.000030,0.001050,0.000177,0.000175,0.000088
1.672000,-0.000058,0.000030,0.000030,0.000981,0.000184,0.000183,0.000092
1.674000,-0.000056,0.000030,0.000030,0.001072,0.000184,0.000183,0.000092
1.676000,-0.000054,0.000030,0.000030,0.001010,0.000185,0.000184,0.000092
1.678000,-0.000052,0.000030,0.000030,0.001345,0.000184,0.000182,0.000092
1.680000,-0.000049,0.000030,0.000030,0.001147,0.000183,0.000182,0.000092
1.682000,-0.000047,0.000030,0.000030,0.001099,0.000184,0.000182,0.000092
1.684000,-0.000045,0.000030,0.000030,0.000916,0.000181,0.000180,0.000091
1.686000,-0.000043,0.000030,0.000030,0.000620,0.000178,0.000178,0.000089
1.688000,-0.000042,0.000030,0.000030,0.000456,0.000177,0.000177,0.000089
1.690000,-0.000041,0.000030,0.000030,0.000708,0.000168,0.000168,0.000084
1.692000,-0.000039,0.000030,0.000030,0.000776,0.000169,0.000169,0.000085
1.694000,-0.000038,0.000030,0.000030,0.000815,0.000170,0.000170,0.000085
1.696000,-0.000036,0.000030,0.000030,0.000686,0.000169,0.000169,0.000085
1.698000,-0.000035,0.000030,0.000030,0.000905,0.000166,0.000166,0.000083
1.700000,-0.000033,0.000030,0.000030,0.001013,0.000169,0.000168,0.000085
1.702000,-0.000031,0.000030,0.000030,0.000642,0.000174,0.000173,0.000087
1.704000,-0.000030,0.000030,0.000030,0.000545,0.000178,0.000177,0.000089
1.706000,-0.000029,0.000030,0.000030,0.000565,0.000182,0.000182,0.000091
1.708000,-0.000027,0.000030,0.000030,0.000455,0.000185,0.000185,0.000093
1.710000,-0.000027,0.000030,0.000030,0.000654,0.000187,0.000187,0.000094
1.712000,-0.000025,0.000031,0.000031,0.000783,0.000187,0.000187,0.000094
1.714000,-0.000024,0.000031,0.000031,0.000848,0.000191,0.000190,0.000095
1.716000,-0.000022,0.000031,0.000031,0.000650,0.000189,0.000189,0.000095
1.718000,-0.000021,0.000031,0.000031,0.000528,0.000193,0.000193,0.000097
1.720000,-0.000020,0.000031,0.000031,0.000563,0.000196,0.000196,0.000098
1.722000,-0.000018,0.000031,0.000031,0.000558,0.000199,0.000199,0.000100
1.724000,-0.000017,0.000031,0.000031,0.000575,0.000209,0.000209,0.000105
1.726000,-0.000016,0.000031,0.000031,0.000805,0.000212,0.000211,0.000106
1.728000,-0.000015,0.000031,0.000031,0.000996,0.000210,0.000209,0.000105
1.730000,-0.000013,0.000031,0.000031,0.001025,0.000210,0.000209,0.000105
1.732000,-0.000011,0.000031,0.000031,0.001142,0.000212,0.000211,0.000106
1.734000,-0.000008,0.000031,0.000031,0.001198,0.000203,0.000202,0.000101
1.736000,-0.000006,0.000031,0.000031,0.001019,0.000193,0.000192,0.000096
1.738000,-0.000004,0.000031,0.000031,0.000947,0.000190,0.000189,0.000095
1.740000,-0.000002,0.000031,0.000031,0.000784,0.000189,0.000188,0.000094
1.742000,-0.000000,0.000031,0.000031,0.000605,0.000188,0.000187,0.000094
1.744000,0.000001,0.000031,0.000031,0.000412,0.000181,0.000181,0.000091
1.746000,0.000002,0.000031,0.000031,0.000404,0.000184,0.000184,0.000092
1.748000,0.000002,0.000031,0.000031,0.000556,0.000187,0.000187,0.000094
1.750000,0.000004,0.000031,0.000031,0.000533,0.000187,0.000187,0.000094
1.752000,0.000005,0.000031,0.000031,0.000322,0.000182,0.000182,0.000091
1.754000,0.000005,0.000031,0.000031,0.000299,0.000182,0.000182,0.000091
1.756000,0.000006,0.000032,0.000032,0.000441,0.000185,0.000185,0.000093
1.758000,0.000007,0.000032,0.000032,0.000446,0.000187,0.000186,0.000093
1.760000,0.000008,0.000032,0.000032,0.000357,0.000196,0.000196,0.000098
1.762000,0.000008,0.000032,0.000032,0.000404,0.000191,0.000191,0.000096
1.764000,0.000009,0.000032,0.000032,0.000240,0.000184,0.000184,0.000092
1.766000,0.000010,0.000032,0.000032,-0.000073,0.000186,0.000186,0.000093
1.768000,0.000010,0.000032,0.000032,-0.000065,0.000189,0.000189,0.000094
1.770000,0.000009,0.000032,0.000032,-0.000097,0.000188,0.000188,0.000094
1.772000,0.000009,0.000032,0.000032,0.000082,0.000191,0.000191,0.000096
1.774000,0.000009,0.000032,0.000032,0.000048,0.000202,0.000202,0.000101
1.776000,0.000009,0.000032,0.000032,-0.000034,0.000208,0.000208,0.000104
1.778000,0.000009,0.000032,0.000032,-0.000280,0.000206,0.000206,0.000103
1.780000,0.000009,0.000032,0.000032,-0.000188,0.000206,0.000206,0.000103
1.782000,0.000008,0.000032,0.000032,-0.000163,0.000208,0.000208,0.000104
1.784000,0.000008,0.000032,0.000032,-0.000263,0.000206,0.000206,0.000103
1.786000,0.000008,0.000032,0.000032,-0.000410,0.000206,0.000206,0.000103
1.788000,0.000007,0.000032,0.000032,-0.000433,0.000206,0.000206,0.000103
1.790000,0.000006,0.000032,0.000032,-0.000592,0.000200,0.000200,0.000100
1.792000,0.000005,0.000032,0.000032,-0.000660,0.000191,0.000191,0.000096
1.794000,0.000003,0.000032,0.000032,-0.000714,0.000184,0.000183,0.000092
1.796000,0.000002,0.000032,0.000032,-0.000563,0.000184,0.000184,0.000092
1.798000,0.000001,0.000032,0.000032,-0.000812,0.000184,0.000183,0.000092
1.800000,-0.000001,0.000032,0.000032,-0.000713,0.000184,0.000183,0.000092
1.802000,-0.000002,0.000033,0.000033,-0.000659,0.000176,0.000175,0.000088
1.804000,-0.000003,0.000033,0.000033,-0.000699,0.000174,0.000174,0.000087
1.806000,-0.000005,0.000033,0.000033,-0.000703,0.000179,0.000178,0.000089
1.808000,-0.000006,0.000033,0.000033,-0.000890,0.000184,0.000183,0.000092
1.810000,-0.000008,0.000033,0.000033,-0.000925,0.000179,0.000178,0.000090
1.812000,-0.000010,0.000033,0.000033,-0.000669,0.000177,0.000176,0.000088
1.814000,-0.000011,0.000033,0.000033,-0.000602,0.000180,0.000180,0.000090
1.816000,-0.000012,0.000033,0.000033,-0.000415,0.000176,0.000176,0.000088
1.818000,-0.000013,0.000033,0.000033,-0.000417,0.000167,0.000167,0.000084
1.820000,-0.000014,0.000033,0.000033,-0.000491,0.000173,0.000173,0.000087
1.822000,-0.000015,0.000033,0.000033,-0.000527,0.000169,0.000169,0.000085
1.824000,-0.000016,0.000033,0.000033,-0.000504,0.000173,0.000173,0.000087
1.826000,-0.000017,0.000033,0.000033,-0.000465,0.000178,0.000178,0.000089
1.828000,-0.000018,0.000033,0.000033,-0.000528,0.000177,0.000177,0.000088
1.830000,-0.000019,0.000033,0.000033,-0.000519,0.000172,0.000171,0.000086
1.832000,-0.000020,0.000033,0.000033,-0.000572,0.000164,0.000164,0.000082
1.834000,-0.000021,0.000033,0.000033,-0.000839,0.000162,0.000161,0.000081
1.836000,-0.000023,0.000033,0.000033,-0.001091,0.000168,0.000167,0.000084
1.838000,-0.000025,0.000033,0.000033,-0.001165,0.000174,0.000172,0.000087
1.840000,-0.000028,0.000033,0.000033,-0.001044,0.000177,0.000175,0.000088
1.842000,-0.000030,0.000033,0.000033,-0.001042,0.000175,0.000174,0.000088
1.844000,-0.000032,0.000033,0.000033,-0.000992,0.000171,0.000171,0.000086
1.846000,-0.000034,0.000033,0.000033,-0.000633,0.000177,0.000176,0.000088
1.848000,-0.000035,0.000033,0.000033,-0.000616,0.000173,0.000173,0.000087
1.850000,-0.000036,0.000033,0.000033,-0.000729,0.000167,0.000166,0.000083
1.852000,-0.000038,0.000033,0.000033,-0.000494,0.000162,0.000162,0.000081
1.854000,-0.000039,0.000033,0.000033,-0.000385,0.000160,0.000160,0.000080
1.856000,-0.000039,0.000033,0.000033,-0.000301,0.000167,0.000167,0.000083
1.858000,-0.000040,0.000033,0.000033,-0.000045,0.000165,0.000165,0.000082
1.860000,-0.000040,0.000033,0.000033,-0.000248,0.000169,0.000169,0.000084
1.862000,-0.000041,0.000033,0.000033,-0.000088,0.000174,0.000174,0.000087
1.864000,-0.000041,0.000033,0.000033,-0.000116,0.000179,0.000179,0.000089
1.866000,-0.000041,0.000034,0.000034,0.000051,0.000175,0.000175,0.000087
1.868000,-0.000041,0.000034,0.000034,0.000312,0.000170,0.000170,0.000085
1.870000,-0.000040,0.000034,0.000034,0.000086,0.000174,0.000174,0.000087
1.872000,-0.000040,0.000034,0.000034,0.000087,0.000180,0.000180,0.000090
1.874000,-0.000040,0.000034,0.000034,-0.000017,0.000181,0.000181,0.000090
1.876000,-0.000040,0.000034,0.000034,-0.000057,0.000183,0.000183,0.000092
1.878000,-0.000040,0.000034,0.000034,-0.000196,0.000180,0.000180,0.000090
1.880000,-0.000040,0.000034,0.000034,-0.000182,0.000173,0.000173,0.000087
1.882000,-0.000041,0.000034,0.000034,-0.000459,0.000173,0.000173,0.000087
1.884000,-0.000042,0.000034,0.000034,-0.000376,0.000175,0.000175,0.000087
1.886000,-0.000043,0.000034,0.000034,-0.000758,0.000174,0.000174,0.000087
1.888000,-0.000044,0.000034,0.000034,-0.000580,0.000177,0.000177,0.000089
1.890000,-0.000045,0.000034,0.000034,-0.000628,0.000171,0.000171,0.000086
1.892000,-0.000046,0.000034,0.000034,-0.000349,0.000171,0.000171,0.000086
1.894000,-0.000047,0.000034,0.000034,-0.000392,0.000170,0.000170,0.000085
1.896000,-0.000048,0.000034,0.000034,-0.000285,0.000169,0.000168,0.000084
1.898000,-0.000048,0.000034,0.000034,-0.000077,0.000172,0.000172,0.000086
1.900000,-0.000049,0.000034,0.000034,-0.000441,0.000176,0.000176,0.000088
1.902000,-0.000050,0.000034,0.000034,-0.000367,0.000175,0.000175,0.000087
1.904000,-0.000050,0.000034,0.000034,-0.000162,0.000179,0.000179,0.000090
1.906000,-0.000051,0.000034,0.000034,-0.000058,0.000184,0.000184,0.000092
1.908000,-0.000051,0.000034,0.000034,-0.000604,0.000187,0.000187,0.000094
1.910000,-0.000052,0.000034,0.000034,-0.000554,0.000189,0.000189,0.000095
1.912000,-0.000053,0.000034,0.000034,-0.000285,0.000188,0.000188,0.000094
1.914000,-0.000054,0.000034,0.000034,-0.000651,0.000180,0.000180,0.000090
1.916000,-0.000055,0.000034,0.000034,-0.000496,0.000181,0.000181,0.000091
1.918000,-0.000056,0.000034,0.000034,-0.000472,0.000183,0.000183,0.000092
1.920000,-0.000057,0.000034,0.000034,-0.000598,0.000182,0.000181,0.000091
1.922000,-0.000058,0.000034,0.000034,-0.000699,0.000182,0.000181,0.000091
1.924000,-0.000059,0.000035,0.000035,-0.000693,0.000182,0.000181,0.000091
1.926000,-0.000061,0.000035,0.000035,-0.000533,0.000178,0.000178,0.000089
1.928000,-0.000062,0.000035,0.000035,-0.000483,0.000174,0.000174,0.000087
1.930000,-0.000063,0.000035,0.000035,-0.000437,0.000173,0.000173,0.000086
1.932000,-0.000064,0.000035,0.000035,-0.000463,0.000170,0.000170,0.000085
1.934000,-0.000065,0.000035,0.000035,-0.000361,0.000169,0.000169,0.000084
1.936000,-0.000065,0.000035,0.000035,-0.000268,0.000171,0.000171,0.000085
1.938000,-0.000066,0.000035,0.000035,-0.000426,0.000180,0.000180,0.000090
1.940000,-0.000067,0.000035,0.000035,-0.000679,0.000178,0.000178,0.000089
1.942000,-0.000068,0.000035,0.000035,-0.000770,0.000176,0.000175,0.000088
1.944000,-0.000070,0.000035,0.000035,-0.000691,0.000176,0.000176,0.000088
1.946000,-0.000071,0.000035,0.000035,-0.000272,0.000172,0.000172,0.000086
1.948000,-0.000072,0.000035,0.000035,-0.000174,0.000173,0.000173,0.000086
1.950000,-0.000072,0.000035,0.000035,0.000124,0.000174,0.000174,0.000087
1.952000,-0.000072,0.000035,0.000035,0.000264,0.000178,0.000178,0.000089
1.954000,-0.000071,0.000035,0.000035,0.000315,0.000175,0.000175,0.000087
1.956000,-0.000071,0.000035,0.000035,0.000145,0.000169,0.000169,0.000085
1.958000,-0.000070,0.000035,0.000035,0.000107,0.000167,0.000167,0.000083
1.960000,-0.000070,0.000035,0.000035,0.000073,0.000162,0.000162,0.000081
1.962000,-0.000070,0.000035,0.000035,-0.000191,0.000157,0.000157,0.000079
1.964000,-0.000070,0.000035,0.000035,-0.000289,0.000160,0.000160,0.000080
1.966000,-0.000071,0.000035,0.000035,-0.000709,0.000158,0.000157,0.000079
1.968000,-0.000072,0.000036,0.000036,-0.000658,0.000159,0.000159,0.000080
1.970000,-0.000074,0.000036,0.000036,-0.000414,0.000160,0.000160,0.000080
1.972000,-0.000074,0.000036,0.000036,-0.000403,0.000159,0.000159,0.000080
1.974000,-0.000075,0.000036,0.000036,-0.000162,0.000163,0.000163,0.000082
1.976000,-0.000076,0.000036,0.000036,-0.000272,0.000166,0.000166,0.000083
1.978000,-0.000076,0.000036,0.000036,-0.000112,0.000165,0.000165,0.000083
1.980000,-0.000076,0.000036,0.000036,-0.000176,0.000156,0.000156,0.000078
1.982000,-0.000077,0.000036,0.000036,-0.000276,0.000154,0.000154,0.000077
1.984000,-0.000077,0.000036,0.000036,-0.000137,0.000152,0.000152,0.000076
1.986000,-0.000077,0.000036,0.000036,-0.000013,0.000155,0.000155,0.000078
1.988000,-0.000077,0.000036,0.000036,-0.000037,0.000158,0.000158,0.000079
1.990000,-0.000078,0.000036,0.000036,-0.000011,0.000160,0.000160,0.000080
1.992000,-0.000078,0.000036,0.000036,0.000135,0.000159,0.000159,0.000080
1.994000,-0.000077,0.000036,0.000036,0.000147,0.000159,0.000159,0.000080
1.996000,-0.000077,0.000036,0.000036,0.000068,0.000154,0.000154,0.000077
1.998000,-0.000077,0.000036,0.000036,-0.000077,0.000153,0.000153,0.000076
2.000000,-0.000077,0.000036,0.000036,0.000095,0.000158,0.000158,0.000079
