John Scolaro - AS11 - PHYS3071 - s4320824

Norm		<x>		<x^2>		<p>		<p^2>		Var(x)		Var(p)
1.00000
1.02000
1.04039
1.06120
1.08242
1.10406
1.12613
1.14865
1.17161
1.19503
1.21892
1.24328
1.26812
1.29346
1.31931
1.34566
1.37254
1.39995
1.42790
1.45641
1.48547
1.51512
1.54534
1.57616
1.60758
1.63962
1.67229
1.70559
1.73955
1.77416
1.80945
1.84542
1.88209
1.91946
1.95755
1.99638
2.03595
2.07627
2.11737
2.15924
2.20191
2.24539
2.28968
2.33481
2.38079
2.42762
2.47533
2.52393
2.57343
2.62384
2.67518
2.72747
2.78072
2.83494
2.89015
2.94636
3.00360
3.06187
3.12119
3.18158
3.24306
3.30564
3.36933
3.43416
3.50015
3.56731
3.63566
3.70522
3.77601
3.84805
3.92135
3.99595
4.07185
4.14908
4.22767
4.30763
4.38898
4.47176
4.55597
4.64166
4.72887
4.81759
4.90779
4.99942
5.09260
5.18777
5.28551
5.38542
5.48488
5.58012
5.67272
5.77892
5.92565
6.11043
6.23544
6.11416
5.71276
5.60977
7.08033
10.67191
13.05516
5.64474
-17.23191
-37.10726
2.94462
153.25193
316.79011
122.18679
-841.71686
-2108.45313
-1297.79856
4774.80437
14228.80400
12108.69355
-25308.05965
-93728.20022
-101312.03964
123244.30848
605613.79381
797051.47233
-507074.05106
-3828345.09682
-5998169.31977
1254872.53899
23618888.40248
43608859.08178
5690296.85897
-141648661.03504
-308057961.14353
-128772259.20720
820657144.21609
2121707486.58728
1431344635.36795
-4545431469.44950
-14275608620.33309
-13059460001.63690
23612768331.10052
93919946558.06145
108005137938.99361
-110462506039.06195
-604188864481.91443
-840194648428.07642
415248095340.24097
3796840572041.71094
6258318030795.86816
-623026293112.91211
-23258499850623.53125
-45073687044070.14844
-9855602539307.00781
138358582562280.96875
315705057830696.68750
155145376540693.18750
-794140189295830.00000
-2157941469037921.75000
-1592068709061953.50000
4348771954675320.50000
14422956070421324.00000
14003579023718670.00000
-22241106188827472.00000
-94340535063978944.00000
-113352177579654688.00000
101346457960152096.00000
603843201908098048.00000
869347117702685696.00000
-357029344401227264.00000
-3777904666645468672.00000
-6410631664735760384.00000
263776315069497344.00000
23049995576305369088.00000
45828580120358092800.00000
12004262624919609344.00000
-136594123436232753152.00000
-319175958902213378048.00000
-167610690297243107328.00000
780885813608181661696.00000
2171960407454989942784.00000
1662057870971462746112.00000
-4256085888275848364032.00000
-14464278619538784780288.00000
-14381345169826587344896.00000
21625392037938600083456.00000
94323857243893233876992.00000
115283612765817550143488.00000
-97428773040455770177536.00000
-602132682108582332727296.00000
-878405490708918210396160.00000
333139803328438765355008.00000
3758044519034077807902720.00000
6446489835432878710718464.00000
-125109002701833035055104.00000
-22875491743869816579031040.00000
-45912008237921621902360576.00000
-12757213223772275213336576.00000
135244897528357816035704832.00000
318761540224013305603162112.00000
171284610778274933136949248.00000
-771293534747530730552688640.00000
-2163293384537602386972114944.00000
-1676428007046057219988652032.00000
4192518266464554963773161472.00000
14371892390755612042767368192.00000
